  0.50000000000000000        176.21829528034013     
   1.0000000000000000        362.63251185794957     
   1.5000000000000000        459.85381909926497     
   2.0000000000000000        456.09089820790280     
   2.5000000000000000        391.18279258013501     
   3.0000000000000000        304.34359198281953     
   3.5000000000000000        223.18956543310892     
   4.0000000000000000        158.32236279710347     
   4.5000000000000000        110.56739302658616     
   5.0000000000000000        77.540588755609051     
   5.5000000000000000        55.010457712321532     
   6.0000000000000000        39.874262188042806     
   6.5000000000000000        29.521343800293945     
   7.0000000000000000        22.322885384368455     
   7.5000000000000000        17.277335491287662     
   8.0000000000000000        13.597989915203470     
   8.5000000000000000        10.871436012140229     
   9.0000000000000000        8.8453522329232523     
   9.5000000000000000        7.2677169783238860     
   10.000000000000000        6.0010082516977894     
   10.500000000000000        5.0302379720742136     
   11.000000000000000        4.2506563218043629     
   11.500000000000000        3.6047881818579701     
   12.000000000000000        3.0652034831101074     
   12.500000000000000        2.6320282952760721     
   13.000000000000000        2.2799431131341281     
   13.500000000000000        1.9801078249228028     
   14.000000000000000        1.7218818637334321     
   14.500000000000000        1.4989932090886797     
   15.000000000000000        1.3172260953827537     
   15.500000000000000        1.1670003607319195     
   16.000000000000000        1.0352322402338263     
   16.500000000000000       0.91872501149709040     
   17.000000000000000       0.81507576219944589     
   17.500000000000000       0.72287958697103738     
   18.000000000000000       0.64729754117475269     
   18.500000000000000       0.58301686809868725     
   19.000000000000000       0.52562046532113615     
   19.500000000000000       0.47394113480174915     
   20.000000000000000       0.42747159985098748     
