  0.50000000000000000        112.89268136289026     
   1.0000000000000000        233.37355268889277     
   1.5000000000000000        297.63422206855819     
   2.0000000000000000        297.67841084413641     
   2.5000000000000000        257.40018853421947     
   3.0000000000000000        202.09750761564214     
   3.5000000000000000        149.51685534568290     
   4.0000000000000000        106.91459218462474     
   4.5000000000000000        75.237519441519510     
   5.0000000000000000        53.147478413283508     
   5.5000000000000000        37.958502631182121     
   6.0000000000000000        27.680398209115779     
   6.5000000000000000        20.615997643087592     
   7.0000000000000000        15.673526694482572     
   7.5000000000000000        12.191229705278760     
   8.0000000000000000        9.6400862687347697     
   8.5000000000000000        7.7424331959960035     
   9.0000000000000000        6.3234889765593048     
   9.5000000000000000        5.2151134319741184     
   10.000000000000000        4.3237665618333905     
   10.500000000000000        3.6357550186582617     
   11.000000000000000        3.0813642896495277     
   11.500000000000000        2.6215745319944497     
   12.000000000000000        2.2354687211837829     
   12.500000000000000        1.9247198319307177     
   13.000000000000000        1.6714460829255471     
   13.500000000000000        1.4551185442793240     
   14.000000000000000        1.2685422723441087     
   14.500000000000000        1.1065675369479340     
   15.000000000000000       0.97444663240803919     
   15.500000000000000       0.86509708509200134     
   16.000000000000000       0.76911920210334284     
   16.500000000000000       0.68387746309319719     
   17.000000000000000       0.60766633835935113     
   17.500000000000000       0.53994063965325712     
   18.000000000000000       0.48416275695297240     
   18.500000000000000       0.43688499224292959     
   19.000000000000000       0.39441864855500980     
   19.500000000000000       0.35622039950005296     
   20.000000000000000       0.32170614595765545     
