  0.50000000000000000        312.56211795581896     
   1.0000000000000000        639.57147698820495     
   1.5000000000000000        801.43126034226430     
   2.0000000000000000        785.41190180947910     
   2.5000000000000000        664.34689229754713     
   3.0000000000000000        509.64021154230898     
   3.5000000000000000        368.78448648491820     
   4.0000000000000000        258.23474845270738     
   4.5000000000000000        178.19486617318674     
   5.0000000000000000        123.58536894704503     
   5.5000000000000000        86.791530428257630     
   6.0000000000000000        62.313938424731553     
   6.5000000000000000        45.744969267729736     
   7.0000000000000000        34.306702078830043     
   7.5000000000000000        26.364130629309880     
   8.0000000000000000        20.603324595120721     
   8.5000000000000000        16.373777441388867     
   9.0000000000000000        13.240764767050816     
   9.5000000000000000        10.816963013581876     
   10.000000000000000        8.8904364105979123     
   10.500000000000000        7.4142709697002722     
   11.000000000000000        6.2354986172158675     
   11.500000000000000        5.2679615983932564     
   12.000000000000000        4.4607120955890540     
   12.500000000000000        3.8153403877216565     
   13.000000000000000        3.2926354427908748     
   13.500000000000000        2.8496291224098438     
   14.000000000000000        2.4708732688385604     
   14.500000000000000        2.1441813167871842     
   15.000000000000000        1.8782832558225568     
   15.500000000000000        1.6597400407626104     
   16.000000000000000        1.4683217167814757     
   16.500000000000000        1.2999682657425387     
   17.000000000000000        1.1503310239185476     
   17.500000000000000        1.0177511032660964     
   18.000000000000000       0.90932236737390637     
   18.500000000000000       0.81711928420699920     
   19.000000000000000       0.73498570533015817     
   19.500000000000000       0.66163027636910365     
   20.000000000000000       0.59549195197560689     
