  0.50000000000000000        126.44654144366164     
   1.0000000000000000        259.69300745683967     
   1.5000000000000000        329.20145732214792     
   2.0000000000000000        328.05958633296075     
   2.5000000000000000        282.10071540980084     
   3.0000000000000000        219.23805486467711     
   3.5000000000000000        159.96566678605987     
   4.0000000000000000        112.64145370879659     
   4.5000000000000000        78.106056307762827     
   5.0000000000000000        54.457857084838437     
   5.5000000000000000        38.499438742284390     
   6.0000000000000000        27.884325065813183     
   6.5000000000000000        20.672746024815396     
   7.0000000000000000        15.687582792531527     
   7.5000000000000000        12.193634198502343     
   8.0000000000000000        9.6358432624627657     
   8.5000000000000000        7.7389175408409265     
   9.0000000000000000        6.3188204427329033     
   9.5000000000000000        5.2041721109514336     
   10.000000000000000        4.3065861545061592     
   10.500000000000000        3.6159089949654528     
   11.000000000000000        3.0576903540060796     
   11.500000000000000        2.5954219300921579     
   12.000000000000000        2.2060360557668615     
   12.500000000000000        1.8950095119807639     
   13.000000000000000        1.6409186296927671     
   13.500000000000000        1.4250173755242246     
   14.000000000000000        1.2386936293580149     
   14.500000000000000        1.0773061867230453     
   15.000000000000000       0.94648735604418333     
   15.500000000000000       0.83838726406316022     
   16.000000000000000       0.74343362477730390     
   16.500000000000000       0.65947788127496543     
   17.000000000000000       0.58475683702359904     
   17.500000000000000       0.51831258805880320     
   18.000000000000000       0.46400519248142053     
   18.500000000000000       0.41782813469120317     
   19.000000000000000       0.37657882060596326     
   19.500000000000000       0.33950783288945896     
   20.000000000000000       0.30608219767640460     
