  0.50000000000000000        200.59386744271029     
   1.0000000000000000        405.84208848378989     
   1.5000000000000000        509.86938036740514     
   2.0000000000000000        505.08535841829030     
   2.5000000000000000        432.80672713825936     
   3.0000000000000000        336.81134425810319     
   3.5000000000000000        246.99090087984746     
   4.0000000000000000        174.98924132522811     
   4.5000000000000000        121.87201993148813     
   5.0000000000000000        85.196800390174161     
   5.5000000000000000        60.213765328404598     
   6.0000000000000000        43.475766057331043     
   6.5000000000000000        32.079194068198028     
   7.0000000000000000        24.176869801650255     
   7.5000000000000000        18.659827139191560     
   8.0000000000000000        14.654015617566730     
   8.5000000000000000        11.695488627024668     
   9.0000000000000000        9.4977941650690880     
   9.5000000000000000        7.7953236301719926     
   10.000000000000000        6.4312281301116032     
   10.500000000000000        5.3839548325722797     
   11.000000000000000        4.5447624334820995     
   11.500000000000000        3.8521925391443816     
   12.000000000000000        3.2740834100252729     
   12.500000000000000        2.8090138284297979     
   13.000000000000000        2.4321296048364571     
   13.500000000000000        2.1114735471801849     
   14.000000000000000        1.8357583566721243     
   14.500000000000000        1.5973297355546390     
   15.000000000000000        1.4030356475458274     
   15.500000000000000        1.2428016902135284     
   16.000000000000000        1.1022879730790551     
   16.500000000000000       0.97781012509443743     
   17.000000000000000       0.86739387036083204     
   17.500000000000000       0.76919693210318163     
   18.000000000000000       0.68857692020152028     
   18.500000000000000       0.62009021840151812     
   19.000000000000000       0.55887198252810166     
   19.500000000000000       0.50390710458011467     
   20.000000000000000       0.45435288911822441     
