  0.50000000000000000        24.424841122855945     
   1.0000000000000000        52.060577377205341     
   1.5000000000000000        67.888837004411030     
   2.0000000000000000        69.277982230100108     
   2.5000000000000000        60.933431377573271     
   3.0000000000000000        48.674876591259888     
   3.5000000000000000        36.863220831637612     
   4.0000000000000000        27.045553818155771     
   4.5000000000000000        19.612551177110689     
   5.0000000000000000        14.271546917156027     
   5.5000000000000000        10.469111003944253     
   6.0000000000000000        7.8088811282411745     
   6.5000000000000000        5.9116013467148223     
   7.0000000000000000        4.5419405221206759     
   7.5000000000000000        3.5500109025863997     
   8.0000000000000000        2.8095842721377555     
   8.5000000000000000        2.2523508413185560     
   9.0000000000000000        1.8309330244921971     
   9.5000000000000000        1.5014235844322155     
   10.000000000000000        1.2372654784382657     
   10.500000000000000        1.0321291139302722     
   11.000000000000000       0.86776913812627632     
   11.500000000000000       0.73308206202481141     
   12.000000000000000       0.62097540163865583     
   12.500000000000000       0.53146606310607669     
   13.000000000000000       0.45823458250019367     
   13.500000000000000       0.39656137396774133     
   14.000000000000000       0.34373143317836929     
   14.500000000000000       0.29837691364744801     
   15.000000000000000       0.26117944550336986     
   15.500000000000000       0.23030459701808123     
   16.000000000000000       0.20350192168804018     
   16.500000000000000       0.18010399257289522     
   17.000000000000000       0.15950086676420719     
   17.500000000000000       0.14130549615803167     
   18.000000000000000       0.12634062887539507     
   18.500000000000000       0.11342794920703636     
   19.000000000000000       0.10203158631218519     
   19.500000000000000        9.1887772727580183E-002
   20.000000000000000        8.2757860044191098E-002
