  0.50000000000000000        15.808248822222994     
   1.0000000000000000        33.776335450247672     
   1.5000000000000000        44.294118391511887     
   2.0000000000000000        45.509321088398671     
   2.5000000000000000        40.322299480102956     
   3.0000000000000000        32.467987246732292     
   3.5000000000000000        24.784360212168284     
   4.0000000000000000        18.320903499325713     
   4.5000000000000000        13.381496029886346     
   5.0000000000000000        9.8046998570166650     
   5.5000000000000000        7.2370534554579979     
   6.0000000000000000        5.4302519792030628     
   6.5000000000000000        4.1338217894416740     
   7.0000000000000000        3.1930249450234629     
   7.5000000000000000        2.5078264685066087     
   8.0000000000000000        1.9936952865400666     
   8.5000000000000000        1.6049215969357973     
   9.0000000000000000        1.3098585676619110     
   9.5000000000000000        1.0782337201460168     
   10.000000000000000       0.89156682455657621     
   10.500000000000000       0.74639525351047231     
   11.000000000000000       0.62950319809010102     
   11.500000000000000       0.53315155599986963     
   12.000000000000000       0.45304373176916463     
   12.500000000000000       0.38885886473124048     
   13.000000000000000       0.33604385070984155     
   13.500000000000000       0.29153730462998534     
   14.000000000000000       0.25329220789862122     
   14.500000000000000       0.22032411004855257     
   15.000000000000000       0.19330477313553274     
   15.500000000000000       0.17073251247288584     
   16.000000000000000       0.15121658646914141     
   16.500000000000000       0.13408001085035354     
   17.000000000000000       0.11892363335484933     
   17.500000000000000       0.10554760841287153     
   18.000000000000000        9.4478759576695090E-002
   18.500000000000000        8.5003930493109434E-002
   19.000000000000000        7.6592377646524171E-002
   19.500000000000000        6.9046644722276437E-002
   20.000000000000000        6.2302276914402946E-002
