  0.50000000000000000        42.710757109327076     
   1.0000000000000000        90.468789309392307     
   1.5000000000000000        116.89165457779767     
   2.0000000000000000        117.97504134902985     
   2.5000000000000000        102.57374489163988     
   3.0000000000000000        80.929898177230626     
   3.5000000000000000        60.544117111620942     
   4.0000000000000000        43.886909323374773     
   4.5000000000000000        31.473095101579890     
   5.0000000000000000        22.664169398369125     
   5.5000000000000000        16.469927205756107     
   6.0000000000000000        12.176226741774348     
   6.5000000000000000        9.1404594170904723     
   7.0000000000000000        6.9684262578148761     
   7.5000000000000000        5.4084438757538962     
   8.0000000000000000        4.2522940130095401     
   8.5000000000000000        3.3875122083450888     
   9.0000000000000000        2.7384601330385423     
   9.5000000000000000        2.2332303660572914     
   10.000000000000000        1.8306636769210385     
   10.500000000000000        1.5207573764078797     
   11.000000000000000        1.2721064841401166     
   11.500000000000000        1.0702741639549420     
   12.000000000000000       0.90315927296488496     
   12.500000000000000       0.77016178642785682     
   13.000000000000000       0.66152548985155657     
   13.500000000000000       0.57053465086846922     
   14.000000000000000       0.49302599302551459     
   14.500000000000000       0.42661021356356654     
   15.000000000000000       0.37243550052606428     
   15.500000000000000       0.32744306408031021     
   16.000000000000000       0.28853911008733840     
   16.500000000000000       0.25473022085941299     
   17.000000000000000       0.22502965922333568     
   17.500000000000000       0.19886326626303766     
   18.000000000000000       0.17741290608215574     
   18.500000000000000       0.15895320531004889     
   19.000000000000000       0.14272647356918697     
   19.500000000000000       0.12824130433950973     
   20.000000000000000       0.11528171578217770     
