  0.50000000000000000        17.791291075851731     
   1.0000000000000000        40.274420291925928     
   1.5000000000000000        53.873901077118397     
   2.0000000000000000        55.377318871421892     
   2.5000000000000000        48.585177724655011     
   3.0000000000000000        38.500326264559448     
   3.5000000000000000        28.906707380250008     
   4.0000000000000000        21.060746718014379     
   4.5000000000000000        15.209832202112018     
   5.0000000000000000        11.051267872191632     
   5.5000000000000000        8.1157317802243902     
   6.0000000000000000        6.0682587951127642     
   6.5000000000000000        4.6085904673950377     
   7.0000000000000000        3.5537640234078989     
   7.5000000000000000        2.7873000960406094     
   8.0000000000000000        2.2126269232732856     
   8.5000000000000000        1.7788413249644497     
   9.0000000000000000        1.4502016017414441     
   9.5000000000000000        1.1917214171136257     
   10.000000000000000       0.98402148367937681     
   10.500000000000000       0.82240704088398842     
   11.000000000000000       0.69233296740723604     
   11.500000000000000       0.58555314609758768     
   12.000000000000000       0.49660185363996812     
   12.500000000000000       0.42539983588148556     
   13.000000000000000       0.36715808328894706     
   13.500000000000000       0.31787547476555966     
   14.000000000000000       0.27568403667784852     
   14.500000000000000       0.23941301658766218     
   15.000000000000000       0.20969079368793375     
   15.500000000000000       0.18499239852765550     
   16.000000000000000       0.16360094623998919     
   16.500000000000000       0.14478860192286019     
   17.000000000000000       0.12820327588087238     
   17.500000000000000       0.11364544719274403     
   18.000000000000000       0.10159775869742206     
   18.500000000000000        9.1295760751813282E-002
   19.000000000000000        8.2112696712682981E-002
   19.500000000000000        7.3949624654021939E-002
   20.000000000000000        6.6633606018802291E-002
