  0.50000000000000000        26.435093489440359     
   1.0000000000000000        55.291513287496826     
   1.5000000000000000        71.532901601228417     
   2.0000000000000000        72.801738131408356     
   2.5000000000000000        64.126792876333894     
   3.0000000000000000        51.349876407695248     
   3.5000000000000000        38.986098421672722     
   4.0000000000000000        28.647703002268269     
   4.5000000000000000        20.786301813615015     
   5.0000000000000000        15.127194203589047     
   5.5000000000000000        11.090539900330832     
   6.0000000000000000        8.2639045123341415     
   6.5000000000000000        6.2492472146425619     
   7.0000000000000000        4.7950250189945542     
   7.5000000000000000        3.7442010212801082     
   8.0000000000000000        2.9601040654989244     
   8.5000000000000000        2.3711068215157227     
   9.0000000000000000        1.9257898802661242     
   9.5000000000000000        1.5779350779371362     
   10.000000000000000        1.2996090430357372     
   10.500000000000000        1.0836925709373928     
   11.000000000000000       0.91047869004089976     
   11.500000000000000       0.76886144233038511     
   12.000000000000000       0.65151857067490115     
   12.500000000000000       0.55717277375122309     
   13.000000000000000       0.48049237275150464     
   13.500000000000000       0.41557121621408638     
   14.000000000000000       0.36017138351887235     
   14.500000000000000       0.31255240736966694     
   15.000000000000000       0.27369765690811892     
   15.500000000000000       0.24122799246980564     
   16.000000000000000       0.21319978850830318     
   16.500000000000000       0.18859556136450620     
   17.000000000000000       0.16701416408655109     
   17.500000000000000       0.14794614936515169     
   18.000000000000000       0.13223448264099738     
   18.500000000000000       0.11876021268393303     
   19.000000000000000       0.10686294377023099     
   19.500000000000000        9.6197847077926960E-002
   20.000000000000000        8.6654811120449732E-002
