  0.50000000000000000        166.34523431763631     
   1.0000000000000000        341.88191105908965     
   1.5000000000000000        430.81859476966122     
   2.0000000000000000        424.58684462200495     
   2.5000000000000000        359.33601758137746     
   3.0000000000000000        275.18358308219740     
   3.5000000000000000        197.66561645065434     
   4.0000000000000000        136.71016000802669     
   4.5000000000000000        92.787232539179044     
   5.0000000000000000        63.076702688241809     
   5.5000000000000000        43.353839959287221     
   6.0000000000000000        30.463874184737293     
   6.5000000000000000        21.897363546473812     
   7.0000000000000000        16.124612734959644     
   7.5000000000000000        12.189453181080715     
   8.0000000000000000        9.3832165272300951     
   8.5000000000000000        7.3622206776431236     
   9.0000000000000000        5.8908262828817044     
   9.5000000000000000        4.7587056022725980     
   10.000000000000000        3.8634944400213223     
   10.500000000000000        3.1938743903463189     
   11.000000000000000        2.6634961265186385     
   11.500000000000000        2.2281127298718442     
   12.000000000000000        1.8676003478470722     
   12.500000000000000        1.5820569980026602     
   13.000000000000000        1.3534925207661712     
   13.500000000000000        1.1601594409713882     
   14.000000000000000       0.99530409396587727     
   14.500000000000000       0.85392217013131033     
   15.000000000000000       0.74249092837942265     
   15.500000000000000       0.65249859415569023     
   16.000000000000000       0.57415377655870270     
   16.500000000000000       0.50482112773394139     
   17.000000000000000       0.44317645148705048     
   17.500000000000000       0.38845895389612306     
   18.000000000000000       0.34417899087708542     
   18.500000000000000       0.30716350666098763     
   19.000000000000000       0.27421200961586389     
   19.500000000000000       0.24471587805424216     
   20.000000000000000       0.21842820723281314     
