  0.50000000000000000        106.62194865995613     
   1.0000000000000000        219.94796539013572     
   1.5000000000000000        279.07020862500713     
   2.0000000000000000        276.95502948206354     
   2.5000000000000000        236.51134706015901     
   3.0000000000000000        182.75057042558157     
   3.5000000000000000        132.40471158983473     
   4.0000000000000000        92.300611996149101     
   4.5000000000000000        63.126384304609516     
   5.0000000000000000        43.232154004764972     
   5.5000000000000000        29.916375759352512     
   6.0000000000000000        21.154924787612657     
   6.5000000000000000        15.291677405783460     
   7.0000000000000000        11.323184772662998     
   7.5000000000000000        8.6023326257433794     
   8.0000000000000000        6.6531652197193791     
   8.5000000000000000        5.2426058303247176     
   9.0000000000000000        4.2110271544514406     
   9.5000000000000000        3.4147388970384460     
   10.000000000000000        2.7828038209426582     
   10.500000000000000        2.3086334281035943     
   11.000000000000000        1.9311090753454585     
   11.500000000000000        1.6205564596125539     
   12.000000000000000        1.3617679459075291     
   12.500000000000000        1.1567012424585288     
   13.000000000000000       0.99212719587200748     
   13.500000000000000       0.85250043146143017     
   14.000000000000000       0.73294622612683646     
   14.500000000000000       0.63034457696144774     
   15.000000000000000       0.54928234837795631     
   15.500000000000000       0.48362550575999602     
   16.000000000000000       0.42650452245366144     
   16.500000000000000       0.37571655607683629     
   17.000000000000000       0.33030841883075490     
   17.500000000000000       0.29007065980880492     
   18.000000000000000       0.25744814831067281     
   18.500000000000000       0.23006047679815780     
   19.000000000000000       0.20572935996584726     
   19.500000000000000       0.18390600821115055     
   20.000000000000000       0.16439851953765511     
