  0.50000000000000000        295.14054093527437     
   1.0000000000000000        602.81301408502600     
   1.5000000000000000        751.45463563250200     
   2.0000000000000000        730.72983574769023     
   2.5000000000000000        610.20992169463125     
   3.0000000000000000        460.78894191364378     
   3.5000000000000000        326.51207083341677     
   4.0000000000000000        222.97788212143865     
   4.5000000000000000        149.52097204772710     
   5.0000000000000000        100.53704826397691     
   5.5000000000000000        68.388767812997756     
   6.0000000000000000        47.617961879395729     
   6.5000000000000000        33.926849969596283     
   7.0000000000000000        24.785915697794547     
   7.5000000000000000        18.596909255542446     
   8.0000000000000000        14.221956451281436     
   8.5000000000000000        11.087588373430407     
   9.0000000000000000        8.8171857213877587     
   9.5000000000000000        7.0833354550392844     
   10.000000000000000        5.7218531679884626     
   10.500000000000000        4.7079563362269985     
   11.000000000000000        3.9076839236629648     
   11.500000000000000        3.2554550065496128     
   12.000000000000000        2.7164749054999513     
   12.500000000000000        2.2932453854104917     
   13.000000000000000        1.9551363061075260     
   13.500000000000000        1.6699190237120587     
   14.000000000000000        1.4279538227837325     
   14.500000000000000        1.2211610319356279     
   15.000000000000000        1.0589026967163568     
   15.500000000000000       0.92801908912241937     
   16.000000000000000       0.81439895095053938     
   16.500000000000000       0.71437098102141672     
   17.000000000000000       0.62547695207909693     
   17.500000000000000       0.54675692747242099     
   18.000000000000000       0.48352215433825885     
   18.500000000000000       0.43044140487969956     
   19.000000000000000       0.38348200339209365     
   19.500000000000000       0.34159501804752845     
   20.000000000000000       0.30417995742662934     
