  0.50000000000000000        95.187437155884538     
   1.0000000000000000        207.34652559919414     
   1.5000000000000000        267.91404369500748     
   2.0000000000000000        266.13428371124951     
   2.5000000000000000        225.42048374540801     
   3.0000000000000000        172.19209448391027     
   3.5000000000000000        123.54503214268179     
   4.0000000000000000        85.586257770152699     
   4.5000000000000000        58.443382057488556     
   5.0000000000000000        40.117189730192614     
   5.5000000000000000        27.905565369921483     
   6.0000000000000000        19.865371772796788     
   6.5000000000000000        14.457984317998607     
   7.0000000000000000        10.776239607371847     
   7.5000000000000000        8.2347636983744952     
   8.0000000000000000        6.3966298410334215     
   8.5000000000000000        5.0596552545506217     
   9.0000000000000000        4.0775809629989528     
   9.5000000000000000        3.3133895454678561     
   10.000000000000000        2.7025781213219107     
   10.500000000000000        2.2445871365277363     
   11.000000000000000        1.8790737120883740     
   11.500000000000000        1.5772484331957828     
   12.000000000000000        1.3251322868663415     
   12.500000000000000        1.1258793125346633     
   13.000000000000000       0.96564182823579703     
   13.500000000000000       0.82947227176799132     
   14.000000000000000       0.71275277054763031     
   14.500000000000000       0.61256998912562111     
   15.000000000000000       0.53352794110216217     
   15.500000000000000       0.46964172935908899     
   16.000000000000000       0.41379460008546659     
   16.500000000000000       0.36439004975619410     
   17.000000000000000       0.32014545294789332     
   17.500000000000000       0.28078157316142416     
   18.000000000000000       0.24921029593965310     
   18.500000000000000       0.22255514657380338     
   19.000000000000000       0.19884877559239644     
   19.500000000000000       0.17764803736422044     
   20.000000000000000       0.15858196046997824     
