  0.50000000000000000        189.53467465755898     
   1.0000000000000000        382.18822928102890     
   1.5000000000000000        478.42526266833045     
   2.0000000000000000        469.74968063379163     
   2.5000000000000000        397.73030582785435     
   3.0000000000000000        304.63595119200039     
   3.5000000000000000        218.88856651090541     
   4.0000000000000000        151.17102467239769     
   4.5000000000000000        102.35033775660636     
   5.0000000000000000        69.358888735179491     
   5.5000000000000000        47.488909867093412     
   6.0000000000000000        33.235310021666798     
   6.5000000000000000        23.798163357309544     
   7.0000000000000000        17.466091950123115     
   7.5000000000000000        13.162079567685968     
   8.0000000000000000        10.108238020750738     
   8.5000000000000000        7.9135475386525549     
   9.0000000000000000        6.3197009777512134     
   9.5000000000000000        5.0983139507678619     
   10.000000000000000        4.1348961053279902     
   10.500000000000000        3.4141740734164365     
   11.000000000000000        2.8443414267604989     
   11.500000000000000        2.3785717691774453     
   12.000000000000000        1.9909353156542147     
   12.500000000000000        1.6862126784586575     
   13.000000000000000        1.4420228281101788     
   13.500000000000000        1.2353644335734482     
   14.000000000000000        1.0593058785636436     
   14.500000000000000       0.90836284676983015     
   15.000000000000000       0.78975113901730931     
   15.500000000000000       0.69370048860251221     
   16.000000000000000       0.61028272557708807     
   16.500000000000000       0.53648107303059867     
   17.000000000000000       0.47089477100218380     
   17.500000000000000       0.41253347841003479     
   18.000000000000000       0.36563429413135551     
   18.500000000000000       0.32622561795432370     
   19.000000000000000       0.29115560188398426     
   19.500000000000000       0.25985959842453227     
   20.000000000000000       0.23186295539387208     
