  0.50000000000000000        178.14631280388605     
   1.0000000000000000        380.02495184012616     
   1.5000000000000000        496.68266489902356     
   2.0000000000000000        510.42966921651634     
   2.5000000000000000        452.95522563414056     
   3.0000000000000000        366.21899927132125     
   3.5000000000000000        281.80029680422950     
   4.0000000000000000        210.60627958750942     
   4.5000000000000000        156.18069814888182     
   5.0000000000000000        116.44393362813786     
   5.5000000000000000        87.515153205906529     
   6.0000000000000000        66.880505041434134     
   6.5000000000000000        51.846353953946682     
   7.0000000000000000        40.699531833374614     
   7.5000000000000000        32.475530657678853     
   8.0000000000000000        26.210046435411396     
   8.5000000000000000        21.353665592007914     
   9.0000000000000000        17.621788005361282     
   9.5000000000000000        14.674684812672110     
   10.000000000000000        12.288400876732689     
   10.500000000000000        10.393479882229080     
   11.000000000000000        8.8561749023890339     
   11.500000000000000        7.5892601710733807     
   12.000000000000000        6.5271426580260421     
   12.500000000000000        5.6554301444672301     
   13.000000000000000        4.9349479640427525     
   13.500000000000000        4.3237830610969166     
   14.000000000000000        3.7971908428740231     
   14.500000000000000        3.3424178041608430     
   15.000000000000000        2.9601488016958397     
   15.500000000000000        2.6369498793556461     
   16.000000000000000        2.3563925976405962     
   16.500000000000000        2.1095878565152786     
   17.000000000000000        1.8905115265565495     
   17.500000000000000        1.6967358785053264     
   18.000000000000000        1.5303668691434156     
   18.500000000000000        1.3858913442088483     
   19.000000000000000        1.2575579432961401     
   19.500000000000000        1.1423281739120290     
   20.000000000000000        1.0388457029388305     
