  0.50000000000000000        115.31841770866581     
   1.0000000000000000        246.39858584532473     
   1.5000000000000000        324.26528782677894     
   2.0000000000000000        335.28875377699956     
   2.5000000000000000        299.92326726302900     
   3.0000000000000000        244.31159511424943     
   3.5000000000000000        189.41954484069007     
   4.0000000000000000        142.68810586616107     
   4.5000000000000000        106.54528236636919     
   5.0000000000000000        80.003166679340083     
   5.5000000000000000        60.499388104956431     
   6.0000000000000000        46.512738000474393     
   6.5000000000000000        36.254523767772454     
   7.0000000000000000        28.612469654983691     
   7.5000000000000000        22.939306850487881     
   8.0000000000000000        18.595771825432337     
   8.5000000000000000        15.219063653410512     
   9.0000000000000000        12.608184235868801     
   9.5000000000000000        10.539348917413019     
   10.000000000000000        8.8572485824370393     
   10.500000000000000        7.5140413190352806     
   11.000000000000000        6.4239646982610203     
   11.500000000000000        5.5217819387954838     
   12.000000000000000        4.7615117893817844     
   12.500000000000000        4.1370346007355376     
   13.000000000000000        3.6187542734918297     
   13.500000000000000        3.1788258357573844     
   14.000000000000000        2.7979115686745688     
   14.500000000000000        2.4679548984924420     
   15.000000000000000        2.1901652436921455     
   15.500000000000000        1.9549415423233090     
   16.000000000000000        1.7505377834037097     
   16.500000000000000        1.5699026688686486     
   17.000000000000000        1.4095549070019575     
   17.500000000000000        1.2670955009533844     
   18.000000000000000        1.1450065931121831     
   18.500000000000000        1.0385796166637957     
   19.000000000000000       0.94374541650645716     
   19.500000000000000       0.85862026185716223     
   20.000000000000000       0.78195960347097060     
