  0.50000000000000000        311.70926763056087     
   1.0000000000000000        659.97039705148416     
   1.5000000000000000        855.21756115718370     
   2.0000000000000000        869.12173756876348     
   2.5000000000000000        762.17318898335225     
   3.0000000000000000        608.77125093398752     
   3.5000000000000000        462.51709154363493     
   4.0000000000000000        341.80843349891666     
   4.5000000000000000        250.68290690862744     
   5.0000000000000000        184.95635623573014     
   5.5000000000000000        137.65409509264231     
   6.0000000000000000        104.24820620801898     
   6.5000000000000000        80.170618136353070     
   7.0000000000000000        62.453054344197469     
   7.5000000000000000        49.477562030739236     
   8.0000000000000000        39.667415216494291     
   8.5000000000000000        32.115908016814103     
   9.0000000000000000        26.357613687410517     
   9.5000000000000000        21.827067281854074     
   10.000000000000000        18.188330035227850     
   10.500000000000000        15.305468876146543     
   11.000000000000000        12.986840602068073     
   11.500000000000000        11.082009105939813     
   12.000000000000000        9.4930456895658040     
   12.500000000000000        8.1936502262565654     
   13.000000000000000        7.1246851938546669     
   13.500000000000000        6.2211271548268305     
   14.000000000000000        5.4462127081270424     
   14.500000000000000        4.7786768683707175     
   15.000000000000000        4.2202792490897121     
   15.500000000000000        3.7493393817813851     
   16.000000000000000        3.3411652294872343     
   16.500000000000000        2.9831123381498208     
   17.000000000000000        2.6670258062812251     
   17.500000000000000        2.3877112183103861     
   18.000000000000000        2.1491883533997131     
   18.500000000000000        1.9421024275181424     
   19.000000000000000        1.7583843721645418     
   19.500000000000000        1.5943204504990400     
   20.000000000000000        1.4469635282375470     
