  0.50000000000000000        129.78836444840550     
   1.0000000000000000        294.21130262553783     
   1.5000000000000000        394.30905874419744     
   2.0000000000000000        408.02356671620885     
   2.5000000000000000        361.10133330874743     
   3.0000000000000000        289.78729547730859     
   3.5000000000000000        220.98860118566094     
   4.0000000000000000        164.15791410719373     
   4.5000000000000000        121.25083442907757     
   5.0000000000000000        90.304607252126516     
   5.5000000000000000        67.927187895631491     
   6.0000000000000000        52.033605750969024     
   6.5000000000000000        40.452397551724779     
   7.0000000000000000        31.868991863583314     
   7.5000000000000000        25.508774429683296     
   8.0000000000000000        20.645045353765124     
   8.5000000000000000        16.870057341782399     
   9.0000000000000000        13.956144535149038     
   9.5000000000000000        11.645284334819952     
   10.000000000000000        9.7693086134280183     
   10.500000000000000        8.2739467095745844     
   11.000000000000000        7.0612539504674015     
   11.500000000000000        6.0568819820260291     
   12.000000000000000        5.2134908873473638     
   12.500000000000000        4.5204274676457530     
   13.000000000000000        3.9479209538711331     
   13.500000000000000        3.4612912681418311     
   14.000000000000000        3.0418724499006253     
   14.500000000000000        2.6780166238701462     
   15.000000000000000        2.3729636479536382     
   15.500000000000000        2.1149166657609753     
   16.000000000000000        1.8906082279761249     
   16.500000000000000        1.6933142270396435     
   17.000000000000000        1.5180119058657826     
   17.500000000000000        1.3624999957218438     
   18.000000000000000        1.2295470998451719     
   18.500000000000000        1.1137930612169660     
   19.000000000000000        1.0107167795669625     
   19.500000000000000       0.91846245393693160     
   20.000000000000000       0.83538532130619902     
