  0.50000000000000000        192.90502364516982     
   1.0000000000000000        403.78678799995566     
   1.5000000000000000        524.17625574486033     
   2.0000000000000000        536.63000933270882     
   2.5000000000000000        476.69790202768542     
   3.0000000000000000        386.34879760180490     
   3.5000000000000000        297.84516488673336     
   4.0000000000000000        223.04759711082696     
   4.5000000000000000        165.49654173259680     
   5.0000000000000000        123.39520750548384     
   5.5000000000000000        92.658821802288003     
   6.0000000000000000        70.747409574388087     
   6.5000000000000000        54.790897388132827     
   7.0000000000000000        42.965009725790921     
   7.5000000000000000        34.242126697062943     
   8.0000000000000000        27.612746109698836     
   8.5000000000000000        22.480033694892185     
   9.0000000000000000        18.537397841036846     
   9.5000000000000000        15.426027707447739     
   10.000000000000000        12.912732644828493     
   10.500000000000000        10.913939053365958     
   11.000000000000000        9.2982044635608077     
   11.500000000000000        7.9632434755221357     
   12.000000000000000        6.8478915125790261     
   12.500000000000000        5.9309875796930669     
   13.000000000000000        5.1746380317169649     
   13.500000000000000        4.5327666117941536     
   14.000000000000000        3.9805311791767530     
   14.500000000000000        3.5031244783014923     
   15.000000000000000        3.1022155497181925     
   15.500000000000000        2.7627790363518647     
   16.000000000000000        2.4686115045484565     
   16.500000000000000        2.2099870994900392     
   17.000000000000000        1.9804840810636271     
   17.500000000000000        1.7770118504121668     
   18.000000000000000        1.6028012300898173     
   18.500000000000000        1.4517389593795751     
   19.000000000000000        1.3171602371448794     
   19.500000000000000        1.1964510898148020     
   20.000000000000000        1.0879717418430930     
