  0.50000000000000000        23.771624676170941     
   1.0000000000000000        50.515278046398343     
   1.5000000000000000        65.587515800790769     
   2.0000000000000000        66.528462859325899     
   2.5000000000000000        57.971784041182069     
   3.0000000000000000        45.815498751085137     
   3.5000000000000000        34.227058281663659     
   4.0000000000000000        24.711046611165003     
   4.5000000000000000        17.608566533891281     
   5.0000000000000000        12.567411364290450     
   5.5000000000000000        9.0436131073034272     
   6.0000000000000000        6.6222175342020879     
   6.5000000000000000        4.9189536426756435     
   7.0000000000000000        3.7186902853101991     
   7.5000000000000000        2.8632972356521162     
   8.0000000000000000        2.2333166424858422     
   8.5000000000000000        1.7691647550865179     
   9.0000000000000000        1.4221062016109869     
   9.5000000000000000        1.1519014558991005     
   10.000000000000000       0.93702793152727426     
   10.500000000000000       0.77407449029374609     
   11.000000000000000       0.64401340787107453     
   11.500000000000000       0.53841932972941997     
   12.000000000000000       0.45125395477822855     
   12.500000000000000       0.38264915845162834     
   13.000000000000000       0.32706139752397811     
   13.500000000000000       0.28013850136461116     
   14.000000000000000       0.24018056671334739     
   14.500000000000000       0.20608785252351675     
   15.000000000000000       0.17898621084240593     
   15.500000000000000       0.15670965975563719     
   16.000000000000000       0.13757888765588328     
   16.500000000000000       0.12079721861711198     
   17.000000000000000       0.10614005098993635     
   17.500000000000000        9.3208983868815320E-002
   18.000000000000000        8.2787811196423769E-002
   18.500000000000000        7.3926119310591731E-002
   19.000000000000000        6.6052942642693832E-002
   19.500000000000000        5.9025209361733305E-002
   20.000000000000000        5.2732852348309274E-002
