  0.50000000000000000        15.348120153282824     
   1.0000000000000000        32.788481055637291     
   1.5000000000000000        42.787389173318431     
   2.0000000000000000        43.692832128488810     
   2.5000000000000000        38.371462891399460     
   3.0000000000000000        30.555393185181146     
   3.5000000000000000        23.009827851658788     
   4.0000000000000000        16.742354802160865     
   4.5000000000000000        12.013289754023319     
   5.0000000000000000        8.6316776774722133     
   5.5000000000000000        6.2511309264266739     
   6.0000000000000000        4.6044670128377110     
   6.5000000000000000        3.4406726755788131     
   7.0000000000000000        2.6143642147518920     
   7.5000000000000000        2.0230661806211843     
   8.0000000000000000        1.5850371558333176     
   8.5000000000000000        1.2606699776315458     
   9.0000000000000000        1.0173177158403657     
   9.5000000000000000       0.82716314215313369     
   10.000000000000000       0.67536113752854254     
   10.500000000000000       0.55963515213222315     
   11.000000000000000       0.46706598906727115     
   11.500000000000000       0.39170010572395220     
   12.000000000000000       0.32918988215218248     
   12.500000000000000       0.27990880516858618     
   13.000000000000000       0.23983668395350372     
   13.500000000000000       0.20595731575043436     
   14.000000000000000       0.17699345717628251     
   14.500000000000000       0.15219032917532788     
   15.000000000000000       0.13245425350870726     
   15.500000000000000       0.11621916410721092     
   16.000000000000000       0.10220034722312751     
   16.500000000000000        8.9919286640160204E-002
   17.000000000000000        7.9125154640699996E-002
   17.500000000000000        6.9619383285570963E-002
   18.000000000000000        6.1931455229313301E-002
   18.500000000000000        5.5388946255152685E-002
   19.000000000000000        4.9566816047486389E-002
   19.500000000000000        4.4357705330455424E-002
   20.000000000000000        3.9699958653723756E-002
