  0.50000000000000000        41.458440853271327     
   1.0000000000000000        87.668425991336505     
   1.5000000000000000        112.94082104812610     
   2.0000000000000000        113.22325312174002     
   2.5000000000000000        97.576631577454890     
   3.0000000000000000        76.129541119111281     
   3.5000000000000000        56.187835613114103     
   4.0000000000000000        40.106702389590311     
   4.5000000000000000        28.262811119244564     
   5.0000000000000000        19.960340336485377     
   5.5000000000000000        14.228784879258601     
   6.0000000000000000        10.322420201381297     
   6.5000000000000000        7.6065050129600964     
   7.0000000000000000        5.7064165667037212     
   7.5000000000000000        4.3627746796476883     
   8.0000000000000000        3.3793974125859529     
   8.5000000000000000        2.6606337621416665     
   9.0000000000000000        2.1261592060949597     
   9.5000000000000000        1.7134360990728357     
   10.000000000000000        1.3866359642559980     
   10.500000000000000        1.1404062721048753     
   11.000000000000000       0.94457564934332738     
   11.500000000000000       0.78594825446312788     
   12.000000000000000       0.65631898253997800     
   12.500000000000000       0.55451492523411716     
   13.000000000000000       0.47218489676226638     
   13.500000000000000       0.40304119150272599     
   14.000000000000000       0.34450423390006163     
   14.500000000000000       0.29475648360414020     
   15.000000000000000       0.25522717159266733     
   15.500000000000000       0.22286170026497321     
   16.000000000000000       0.19508372315720635     
   16.500000000000000       0.17086950370195728     
   17.000000000000000       0.14973368202358289     
   17.500000000000000       0.13124218627548623     
   18.000000000000000       0.11623157076791528     
   18.500000000000000       0.10356453418571535     
   19.000000000000000        9.2348225128821404E-002
   19.500000000000000        8.2380344626703086E-002
   20.000000000000000        7.3453370276386279E-002
