  0.50000000000000000        17.285331515600490     
   1.0000000000000000        39.037793455357807     
   1.5000000000000000        52.006467611638641     
   2.0000000000000000        53.160229419537835     
   2.5000000000000000        46.228828165051922     
   3.0000000000000000        36.219120207846487     
   3.5000000000000000        26.831291113461056     
   4.0000000000000000        19.232705582927963     
   4.5000000000000000        13.643401208075868     
   5.0000000000000000        9.7228885878767315     
   5.5000000000000000        7.0057669934984714     
   6.0000000000000000        5.1419464994171955     
   6.5000000000000000        3.8323424823865171     
   7.0000000000000000        2.9083580163334237     
   7.5000000000000000        2.2476271456339902     
   8.0000000000000000        1.7585015950597416     
   8.5000000000000000        1.3974287511446262     
   9.0000000000000000        1.1264340525961019     
   9.5000000000000000       0.91475859650911295     
   10.000000000000000       0.74573124580665817     
   10.500000000000000       0.61728183199071751     
   11.000000000000000       0.51427186520769363     
   11.500000000000000       0.43051417717754348     
   12.000000000000000       0.36126360735400564     
   12.500000000000000       0.30671996710212152     
   13.000000000000000       0.26236292453624865     
   13.500000000000000       0.22486441361874474     
   14.000000000000000       0.19293089549899101     
   14.500000000000000       0.16568211431187069     
   15.000000000000000       0.14392618096124479     
   15.500000000000000       0.12611998009842859     
   16.000000000000000       0.11070399369337244     
   16.500000000000000        9.7231222665559752E-002
   17.000000000000000        8.5428686207596499E-002
   17.500000000000000        7.5088380141652214E-002
   18.000000000000000        6.6673189500318739E-002
   18.500000000000000        5.9547051496600771E-002
   19.000000000000000        5.3226151813003698E-002
   19.500000000000000        4.7573663167880226E-002
   20.000000000000000        4.2486346359232527E-002
