  0.50000000000000000        25.676603138224216     
   1.0000000000000000        53.635614743450752     
   1.5000000000000000        69.135984503050679     
   2.0000000000000000        69.969100164701914     
   2.5000000000000000        61.030577248223437     
   3.0000000000000000        48.332930233521388     
   3.5000000000000000        36.193506420094998     
   4.0000000000000000        26.183266458797370     
   4.5000000000000000        18.669497793370155     
   5.0000000000000000        13.322680005730128     
   5.5000000000000000        9.5838730614263064     
   6.0000000000000000        7.0089143069409170     
   6.5000000000000000        5.2009885981739030     
   7.0000000000000000        3.9285057817690903     
   7.5000000000000000        3.0209715059749502     
   8.0000000000000000        2.3531741689642058     
   8.5000000000000000        1.8622084368050971     
   9.0000000000000000        1.4953896289543891     
   9.5000000000000000        1.2107802394092035     
   10.000000000000000       0.98425832232938670     
   10.500000000000000       0.81257679571660135     
   11.000000000000000       0.67572871877321050     
   11.500000000000000       0.56462600447163169     
   12.000000000000000       0.47301167638076380     
   12.500000000000000       0.40110540108218218     
   13.000000000000000       0.34262541620868053     
   13.500000000000000       0.29351033518823449     
   14.000000000000000       0.25154979223650414     
   14.500000000000000       0.21585161546537190     
   15.000000000000000       0.18749107404521545     
   15.500000000000000       0.16414855167950071     
   16.000000000000000       0.14402356698612423     
   16.500000000000000       0.12647034739059393     
   17.000000000000000       0.11108746756147245     
   17.500000000000000        9.7583446602519469E-002
   18.000000000000000        8.6672566192204425E-002
   18.500000000000000        7.7345645572824626E-002
   19.000000000000000        6.9121259051343226E-002
   19.500000000000000        6.1778388092919551E-002
   20.000000000000000        5.5180368278959717E-002
