  0.50000000000000000        1289.0933653099601     
   1.0000000000000000        2660.1530393387038     
   1.5000000000000000        3382.9448323011893     
   2.0000000000000000        3382.6704735278099     
   2.5000000000000000        2932.4143324104175     
   3.0000000000000000        2315.0243410714816     
   3.5000000000000000        1730.0559791269686     
   4.0000000000000000        1256.2742952484700     
   4.5000000000000000        901.92769723997503     
   5.0000000000000000        652.16386736108689     
   5.5000000000000000        477.67336095469312     
   6.0000000000000000        357.07659527864365     
   6.5000000000000000        272.68243281030874     
   7.0000000000000000        211.94670579690120     
   7.5000000000000000        168.22359931382661     
   8.0000000000000000        135.58176586876684     
   8.5000000000000000        110.63544968696242     
   9.0000000000000000        91.591140407667737     
   9.5000000000000000        76.589679717092679     
   10.000000000000000        64.414562897272560     
   10.500000000000000        54.771717392414757     
   11.000000000000000        46.939942580491476     
   11.500000000000000        40.423924972678392     
   12.000000000000000        34.920516020411512     
   12.500000000000000        30.393993275612438     
   13.000000000000000        26.660485544078217     
   13.500000000000000        23.462271524958471     
   14.000000000000000        20.692998022855427     
   14.500000000000000        18.276646972972411     
   15.000000000000000        16.245521686609941     
   15.500000000000000        14.530774078113016     
   16.000000000000000        13.030823976522026     
   16.500000000000000        11.701703517110200     
   17.000000000000000        10.516314457637247     
   17.500000000000000        9.4548213163537369     
   18.000000000000000        8.5518389190260073     
   18.500000000000000        7.7692516412360026     
   19.000000000000000        7.0689733400836197     
   19.500000000000000        6.4376948807556067     
   20.000000000000000        5.8665437610426823     
