  0.50000000000000000        825.95389336557878     
   1.0000000000000000        1710.7539224824418     
   1.5000000000000000        2189.8539212917444     
   2.0000000000000000        2207.4117015337347     
   2.5000000000000000        1930.6734682579327     
   3.0000000000000000        1537.3803368476708     
   3.5000000000000000        1158.8481102129304     
   4.0000000000000000        848.27046108341119     
   4.5000000000000000        613.79176458710538     
   5.0000000000000000        446.95894649012939     
   5.5000000000000000        329.56161418782750     
   6.0000000000000000        247.91936783004832     
   6.5000000000000000        190.42210527537790     
   7.0000000000000000        148.81268841029603     
   7.5000000000000000        118.70250593236375     
   8.0000000000000000        96.126756271093214     
   8.5000000000000000        78.778244706862424     
   9.0000000000000000        65.489415713096619     
   9.5000000000000000        54.963836998360989     
   10.000000000000000        46.397750464505208     
   10.500000000000000        39.583100998474450     
   11.000000000000000        34.030692963839456     
   11.500000000000000        29.396543526985603     
   12.000000000000000        25.465640570418294     
   12.500000000000000        22.226294027307741     
   13.000000000000000        19.544668695827642     
   13.500000000000000        17.243901111667920     
   14.000000000000000        15.243390987998222     
   14.500000000000000        13.493372074933429     
   15.000000000000000        12.019610006226340     
   15.500000000000000        10.772354443448798     
   16.000000000000000        9.6786277950227149     
   16.500000000000000        8.7071755439678160     
   17.000000000000000        7.8389288362108429     
   17.500000000000000        7.0602412677744404     
   18.000000000000000        6.3976572461308230     
   18.500000000000000        5.8212104935351583     
   19.000000000000000        5.3050132932493295     
   19.500000000000000        4.8379530121499741     
   20.000000000000000        4.4146856065742464     
