  0.50000000000000000        2288.9365447839591     
   1.0000000000000000        4686.6629092914573     
   1.5000000000000000        5897.6742267128329     
   2.0000000000000000        5823.7034307522072     
   2.5000000000000000        4978.8939822670900     
   3.0000000000000000        3876.7948115917488     
   3.5000000000000000        2858.0125533244368     
   4.0000000000000000        2049.1611252221210     
   4.5000000000000000        1453.3539427918759     
   5.0000000000000000        1039.5658086983699     
   5.5000000000000000        753.59146111176869     
   6.0000000000000000        558.09191199286386     
   6.5000000000000000        422.41285549821725     
   7.0000000000000000        325.77995510462921     
   7.5000000000000000        256.67913595181926     
   8.0000000000000000        205.44685029169608     
   8.5000000000000000        166.60284783203090     
   9.0000000000000000        137.10791112731823     
   9.5000000000000000        114.01853938774630     
   10.000000000000000        95.406499052988337     
   10.500000000000000        80.726389891968438     
   11.000000000000000        68.872076337591423     
   11.500000000000000        59.063075831412661     
   12.000000000000000        50.816738153129073     
   12.500000000000000        44.067004838038670     
   13.000000000000000        38.504550301980778     
   13.500000000000000        33.778066391938637     
   14.000000000000000        29.692730738670257     
   14.500000000000000        26.140546524151130     
   15.000000000000000        23.173045766687704     
   15.500000000000000        20.663667071660967     
   16.000000000000000        18.481978295026934     
   16.500000000000000        16.552231590470722     
   17.000000000000000        14.838918810174775     
   17.500000000000000        13.310363402111220     
   18.000000000000000        12.011822320203972     
   18.500000000000000        10.888690745824530     
   19.000000000000000        9.8867101755268063     
   19.500000000000000        8.9858205617160518     
   20.000000000000000        8.1731310214349904     
