  0.50000000000000000        737.56224674842179     
   1.0000000000000000        1614.5116721193849     
   1.5000000000000000        2105.0598313782493     
   2.0000000000000000        2124.2266057067336     
   2.5000000000000000        1843.1342707455353     
   3.0000000000000000        1453.2531305643884     
   3.5000000000000000        1085.9047032202143     
   4.0000000000000000        790.81402733767106     
   4.5000000000000000        571.48211450133363     
   5.0000000000000000        417.27231208111846     
   5.5000000000000000        309.07800507016384     
   6.0000000000000000        233.85827161146230     
   6.5000000000000000        180.50811070561107     
   7.0000000000000000        141.77427760767600     
   7.5000000000000000        113.53400326273687     
   8.0000000000000000        92.160798756822572     
   8.5000000000000000        75.708429399772470     
   9.0000000000000000        63.030735413981830     
   9.5000000000000000        52.942089958354678     
   10.000000000000000        44.684506247417936     
   10.500000000000000        38.140543575744161     
   11.000000000000000        32.781497622947875     
   11.500000000000000        28.299851300874582     
   12.000000000000000        24.493354052261058     
   12.500000000000000        21.366539396767841     
   13.000000000000000        18.777610676610227     
   13.500000000000000        16.552192420159511     
   14.000000000000000        14.619719547063706     
   14.500000000000000        12.925369679048853     
   15.000000000000000        11.506337991738887     
   15.500000000000000        10.305615633567385     
   16.000000000000000        9.2509461829800923     
   16.500000000000000        8.3162472025273964     
   17.000000000000000        7.4792630702086544     
   17.500000000000000        6.7284008398627178     
   18.000000000000000        6.0921270384146480     
   18.500000000000000        5.5396096339025043     
   19.000000000000000        5.0438115410007951     
   19.500000000000000        4.5967584024905621     
   20.000000000000000        4.1906791504836498     
