  0.50000000000000000        1467.0129329254478     
   1.0000000000000000        2972.5869751124305     
   1.5000000000000000        3753.3908056256005     
   2.0000000000000000        3744.0593374079440     
   2.5000000000000000        3243.7470310973081     
   3.0000000000000000        2561.4310455395535     
   3.5000000000000000        1913.3055356514265     
   4.0000000000000000        1387.3473568676900     
   4.5000000000000000        993.27015028915093     
   5.0000000000000000        715.96887911321221     
   5.5000000000000000        522.41441870355220     
   6.0000000000000000        389.11171304900961     
   6.5000000000000000        296.14735334447039     
   7.0000000000000000        229.49665980353254     
   7.5000000000000000        181.69400984667166     
   8.0000000000000000        146.15353136738651     
   8.5000000000000000        119.04983354738148     
   9.0000000000000000        98.400552545876678     
   9.5000000000000000        82.176758453589159     
   10.000000000000000        69.064146570165619     
   10.500000000000000        58.665722531311495     
   11.000000000000000        50.232104187696763     
   11.500000000000000        43.236709278044039     
   12.000000000000000        37.334424675309933     
   12.500000000000000        32.481533462937428     
   13.000000000000000        28.473742351606827     
   13.500000000000000        25.049019265012376     
   14.000000000000000        22.083012834411949     
   14.500000000000000        19.501015107946643     
   15.000000000000000        17.327141529222402     
   15.500000000000000        15.493920112933809     
   16.000000000000000        13.890312591214810     
   16.500000000000000        12.470704741632227     
   17.000000000000000        11.203947158644125     
   17.500000000000000        10.072588957040786     
   18.000000000000000        9.1093546492883615     
   18.500000000000000        8.2743035019171245     
   19.000000000000000        7.5273593668768255     
   19.500000000000000        6.8545412599388271     
   20.000000000000000        6.2445279953034181     
