  0.50000000000000000        24.282597120556897     
   1.0000000000000000        51.612292101858841     
   1.5000000000000000        67.255217291794452     
   2.0000000000000000        68.458281618366073     
   2.5000000000000000        60.039569837909681     
   3.0000000000000000        47.819337030178005     
   3.5000000000000000        36.081332779505374     
   4.0000000000000000        26.361576419847008     
   4.5000000000000000        19.017126109147846     
   5.0000000000000000        13.760898411221428     
   5.5000000000000000        10.036953680059799     
   6.0000000000000000        7.4460640044617694     
   6.5000000000000000        5.6048872891785066     
   7.0000000000000000        4.2867080335188827     
   7.5000000000000000        3.3361794947089249     
   8.0000000000000000        2.6279677618945878     
   8.5000000000000000        2.0986976567938722     
   9.0000000000000000        1.6999381794367077     
   9.5000000000000000        1.3889392492242638     
   10.000000000000000        1.1402011521342061     
   10.500000000000000       0.94901627750791195     
   11.000000000000000       0.79552367847723204     
   11.500000000000000       0.66960987078515943     
   12.000000000000000       0.56540538872236312     
   12.500000000000000       0.48242536332200764     
   13.000000000000000       0.41481598877311204     
   13.500000000000000       0.35773795702573719     
   14.000000000000000       0.30902193005164225     
   14.500000000000000       0.26739380744219671     
   15.000000000000000       0.23370726924776075     
   15.500000000000000       0.20578232520435749     
   16.000000000000000       0.18145725865938955     
   16.500000000000000       0.16018654203088475     
   17.000000000000000       0.14145144577424690     
   17.500000000000000       0.12493792706765887     
   18.000000000000000       0.11139400982548008     
   18.500000000000000        9.9833621570858871E-002
   19.000000000000000        8.9622816721667289E-002
   19.500000000000000        8.0478613045709566E-002
   20.000000000000000        7.2292349346709014E-002
