  0.50000000000000000        15.677535479712596     
   1.0000000000000000        33.490546784640493     
   1.5000000000000000        43.891698838541458     
   2.0000000000000000        44.979386251478516     
   2.5000000000000000        39.755949662890423     
   3.0000000000000000        31.904457545697138     
   3.5000000000000000        24.261377003585480     
   4.0000000000000000        17.853890087756110     
   4.5000000000000000        12.974983862842889     
   5.0000000000000000        9.4534803630941155     
   5.5000000000000000        6.9405636622046707     
   6.0000000000000000        5.1780841356075458     
   6.5000000000000000        3.9200805677986539     
   7.0000000000000000        3.0132959148892371     
   7.5000000000000000        2.3562137845172484     
   8.0000000000000000        1.8653287887490293     
   8.5000000000000000        1.4956761647028500     
   9.0000000000000000        1.2163240861612896     
   9.5000000000000000       0.99736769006467541     
   10.000000000000000       0.82171389802129913     
   10.500000000000000       0.68624034674220735     
   11.000000000000000       0.57698386964431481     
   11.500000000000000       0.48712449485547149     
   12.000000000000000       0.41254996051069587     
   12.500000000000000       0.35286908727876853     
   13.000000000000000       0.30409411269886605     
   13.500000000000000       0.26294192934844107     
   14.000000000000000       0.22769361745087843     
   14.500000000000000       0.19743367492756997     
   15.000000000000000       0.17294854243273272     
   15.500000000000000       0.15254995370155780     
   16.000000000000000       0.13484173090137158     
   16.500000000000000       0.11927580809635453     
   17.000000000000000       0.10548595008448759     
   17.500000000000000        9.3320344620780107E-002
   18.000000000000000        8.3347088917707826E-002
   18.500000000000000        7.4799480668510360E-002
   19.000000000000000        6.7252116730348060E-002
   19.500000000000000        6.0470428342078601E-002
   20.000000000000000        5.4405328409701623E-002
