  0.50000000000000000        42.399593699903036     
   1.0000000000000000        89.652408286828489     
   1.5000000000000000        115.78539285691859     
   2.0000000000000000        116.64339736217767     
   2.5000000000000000        101.07019332074569     
   3.0000000000000000        79.516481928779370     
   3.5000000000000000        59.254343756930339     
   4.0000000000000000        42.770094100414752     
   4.5000000000000000        30.524125955486774     
   5.0000000000000000        21.857925124134862     
   5.5000000000000000        15.789037157536704     
   6.0000000000000000        11.609395061132682     
   6.5000000000000000        8.6659960672919514     
   7.0000000000000000        6.5766010488004696     
   7.5000000000000000        5.0817663531553530     
   8.0000000000000000        3.9770226429716544     
   8.5000000000000000        3.1577467058660278     
   9.0000000000000000        2.5422142688482534     
   9.5000000000000000        2.0658287355995331     
   10.000000000000000        1.6876969492172411     
   10.500000000000000        1.3979289335561238     
   11.000000000000000        1.1664039729146363     
   11.500000000000000       0.97795632745572125     
   12.000000000000000       0.82226546214571516     
   12.500000000000000       0.69897520121971912     
   13.000000000000000       0.59869901318236640     
   13.500000000000000       0.51471691248730622     
   14.000000000000000       0.44325363582650806     
   14.500000000000000       0.38240007398124809     
   15.000000000000000       0.33316090909707569     
   15.500000000000000       0.29247322553898031     
   16.000000000000000       0.25735999270775811     
   16.500000000000000       0.22659082278942641     
   17.000000000000000       0.19961475472695020     
   17.500000000000000       0.17584528302966729     
   18.000000000000000       0.15645364398163811     
   18.500000000000000       0.13989635765864794     
   19.000000000000000       0.12529773215957313     
   19.500000000000000       0.11228935447164917     
   20.000000000000000       0.10067263501053533     
