  0.50000000000000000        17.650916113437621     
   1.0000000000000000        39.930993819873606     
   1.5000000000000000        53.332873393673843     
   2.0000000000000000        54.697593563750850     
   2.5000000000000000        47.879837383072115     
   3.0000000000000000        37.827258706382239     
   3.5000000000000000        28.291227383930913     
   4.0000000000000000        20.520823758978445     
   4.5000000000000000        14.744913507837813     
   5.0000000000000000        10.654462017162926     
   5.5000000000000000        7.7809241670622793     
   6.0000000000000000        5.7852494231467633     
   6.5000000000000000        4.3684890963931036     
   7.0000000000000000        3.3528853972335657     
   7.5000000000000000        2.6186368190871701     
   8.0000000000000000        2.0698793853809447     
   8.5000000000000000        1.6578320690692334     
   9.0000000000000000        1.3462300840887100     
   9.5000000000000000        1.1025651072986427     
   10.000000000000000       0.90699952441712839     
   10.500000000000000       0.75622911068398080     
   11.000000000000000       0.63477566602697233     
   11.500000000000000       0.53531305118528305     
   12.000000000000000       0.45230011210975807     
   12.500000000000000       0.38624828427601571     
   13.000000000000000       0.33230468719331452     
   13.500000000000000       0.28679716820649498     
   14.000000000000000       0.24797088724930341     
   14.500000000000000       0.21465465988910723     
   15.000000000000000       0.18771458409714090     
   15.500000000000000       0.16534972338836684     
   16.000000000000000       0.14592359942773703     
   16.500000000000000       0.12884172323075260     
   17.000000000000000       0.11376656658650892     
   17.500000000000000       0.10052007738691163     
   18.000000000000000        8.9658058368150648E-002
   18.500000000000000        8.0363019725049153E-002
   19.000000000000000        7.2122954085020730E-002
   19.500000000000000        6.4794520810473377E-002
   20.000000000000000        5.8224434513243772E-002
