  0.50000000000000000        26.247610069299188     
   1.0000000000000000        54.846071571546325     
   1.5000000000000000        70.824937303622107     
   2.0000000000000000        71.993072435084230     
   2.5000000000000000        63.194315485952181     
   3.0000000000000000        50.454597504805044     
   3.5000000000000000        38.163704806929083     
   4.0000000000000000        27.919523113522164     
   4.5000000000000000        20.160994756477518     
   5.0000000000000000        14.587922808149330     
   5.5000000000000000        10.634898354410540     
   6.0000000000000000        7.8806861620073496     
   6.5000000000000000        5.9251795004002874     
   7.0000000000000000        4.5263750279313051     
   7.5000000000000000        3.5186876190072787     
   8.0000000000000000        2.7686050453661921     
   8.5000000000000000        2.2094289703915253     
   9.0000000000000000        1.7883710088209550     
   9.5000000000000000        1.4596308492853940     
   10.000000000000000        1.1979597840710010     
   10.500000000000000       0.99616303686633112     
   11.000000000000000       0.83473153150265100     
   11.500000000000000       0.70256287935074224     
   12.000000000000000       0.59286681643319494     
   12.500000000000000       0.50566295315620613     
   13.000000000000000       0.43457568206006497     
   13.500000000000000       0.37469918096973809     
   14.000000000000000       0.32379608757985823     
   14.500000000000000       0.28013972931394349     
   15.000000000000000       0.24480547940480232     
   15.500000000000000       0.21553615304409604     
   16.000000000000000       0.19010238147869760     
   16.500000000000000       0.16779063297402741     
   17.000000000000000       0.14808041402256580     
   17.500000000000000       0.13082269752430978     
   18.000000000000000       0.11663183661237865     
   18.500000000000000       0.10453026017165318     
   19.000000000000000        9.3776750716225696E-002
   19.500000000000000        8.4226633235973500E-002
   20.000000000000000        7.5662188316152929E-002
