  0.50000000000000000        1311.1926346943612     
   1.0000000000000000        2702.3929502658248     
   1.5000000000000000        3439.0508235471457     
   2.0000000000000000        3439.1523398482123     
   2.5000000000000000        2982.3945170761504     
   3.0000000000000000        2355.1350860351877     
   3.5000000000000000        1760.4142242016385     
   4.0000000000000000        1278.8665939153923     
   4.5000000000000000        918.37136312139955     
   5.0000000000000000        664.60972154720059     
   5.5000000000000000        487.03239354866429     
   6.0000000000000000        364.41716873211880     
   6.5000000000000000        278.52142845356991     
   7.0000000000000000        216.71212687496734     
   7.5000000000000000        172.14855145408910     
   8.0000000000000000        138.89299730037533     
   8.5000000000000000        113.43508606936764     
   9.0000000000000000        93.996660289392693     
   9.5000000000000000        78.662315037270119     
   10.000000000000000        66.228966958239155     
   10.500000000000000        56.359942901836519     
   11.000000000000000        48.345393564769992     
   11.500000000000000        41.670689807592353     
   12.000000000000000        36.035379798782969     
   12.500000000000000        31.390527930787350     
   13.000000000000000        27.554080809195586     
   13.500000000000000        24.272945005592355     
   14.000000000000000        21.423650421402019     
   14.500000000000000        18.937513219883513     
   15.000000000000000        16.848348670781597     
   15.500000000000000        15.078889896527986     
   16.000000000000000        13.532654421505512     
   16.500000000000000        12.161415796781164     
   17.000000000000000        10.936570122954915     
   17.500000000000000        9.8401315220683028     
   18.000000000000000        8.9063685635489236     
   18.500000000000000        8.0968710140251527     
   19.000000000000000        7.3723914803795365     
   19.500000000000000        6.7179079316144303     
   20.000000000000000        6.1259115097978620     
