  0.50000000000000000        840.00697873498120     
   1.0000000000000000        1739.9790120983055     
   1.5000000000000000        2227.0224016571010     
   2.0000000000000000        2244.7270611275567     
   2.5000000000000000        1963.0991190296047     
   3.0000000000000000        1563.8821037386349     
   3.5000000000000000        1179.0783279623492     
   4.0000000000000000        863.48289915564703     
   4.5000000000000000        624.99572392364291     
   5.0000000000000000        455.48849061837399     
   5.5000000000000000        336.07490335636095     
   6.0000000000000000        253.06952357255457     
   6.5000000000000000        194.51779081243481     
   7.0000000000000000        152.15157088402322     
   7.5000000000000000        121.46562528664789     
   8.0000000000000000        98.450284368824086     
   8.5000000000000000        80.768099586793312     
   9.0000000000000000        67.201938545995603     
   9.5000000000000000        56.456006479114194     
   10.000000000000000        47.709986605528684     
   10.500000000000000        40.733396444023327     
   11.000000000000000        35.052336332435630     
   11.500000000000000        30.303961749375354     
   12.000000000000000        26.277451297636105     
   12.500000000000000        22.954026192070248     
   13.000000000000000        20.202884503768505     
   13.500000000000000        17.835244424807794     
   14.000000000000000        15.780604451847992     
   14.500000000000000        13.981878053366598     
   15.000000000000000        12.463128571658265     
   15.500000000000000        11.178226572007659     
   16.000000000000000        10.051920890826203     
   16.500000000000000        9.0502949195998532     
   17.000000000000000        8.1531595642599708     
   17.500000000000000        7.3486861862506307     
   18.000000000000000        6.6619450235503272     
   18.500000000000000        6.0664674317353873     
   19.000000000000000        5.5316514497906368     
   19.500000000000000        5.0486553638207008     
   20.000000000000000        4.6100860635114591     
