  0.50000000000000000        2326.4274694809437     
   1.0000000000000000        4765.5278527942364     
   1.5000000000000000        5994.1862618492978     
   2.0000000000000000        5922.5063615285280     
   2.5000000000000000        5063.7778096518641     
   3.0000000000000000        3943.0604226706409     
   3.5000000000000000        2908.3914236880191     
   4.0000000000000000        2085.3140888544008     
   4.5000000000000000        1480.0659394982117     
   5.0000000000000000        1059.2306227273734     
   5.5000000000000000        768.44299419962783     
   6.0000000000000000        569.56697185726046     
   6.5000000000000000        431.53539060446059     
   7.0000000000000000        333.09404133817077     
   7.5000000000000000        262.69340647369609     
   8.0000000000000000        210.48069814571110     
   8.5000000000000000        170.82269597626473     
   9.0000000000000000        140.68845699588528     
   9.5000000000000000        117.10748984326135     
   10.000000000000000        98.095832770722893     
   10.500000000000000        83.073232941794387     
   11.000000000000000        70.941512181927791     
   11.500000000000000        60.881965889942521     
   12.000000000000000        52.429354057396644     
   12.500000000000000        45.500816147834591     
   13.000000000000000        39.799143959708644     
   13.500000000000000        34.935042217718035     
   14.000000000000000        30.740029407215921     
   14.500000000000000        27.086888955247304     
   15.000000000000000        24.025414928506056     
   15.500000000000000        21.444543739168800     
   16.000000000000000        19.192509888849038     
   16.500000000000000        17.203418488751414     
   17.000000000000000        15.432113423924083     
   17.500000000000000        13.852001010208705     
   18.000000000000000        12.510020318413279     
   18.500000000000000        11.347663488681619     
   19.000000000000000        10.310538933027038     
   19.500000000000000        9.3765260026086015     
   20.000000000000000        8.5336676878890483     
