  0.50000000000000000        750.57344319664708     
   1.0000000000000000        1640.7748599049999     
   1.5000000000000000        2140.8311799459852     
   2.0000000000000000        2160.1375457380750     
   2.5000000000000000        1874.9851687957098     
   3.0000000000000000        1478.2588289956093     
   3.5000000000000000        1104.9261945821097     
   4.0000000000000000        804.89553061092693     
   4.5000000000000000        582.06928725540990     
   5.0000000000000000        425.25446053790085     
   5.5000000000000000        315.17492927888964     
   6.0000000000000000        238.66526011396610     
   6.5000000000000000        184.39552681687402     
   7.0000000000000000        144.97156075142627     
   7.5000000000000000        116.20285934688701     
   8.0000000000000000        94.422471155646264     
   8.5000000000000000        77.626618582808206     
   9.0000000000000000        64.693210870576550     
   9.5000000000000000        54.381385406208068     
   10.000000000000000        45.946231738234644     
   10.500000000000000        39.246749678120217     
   11.000000000000000        33.765292520309778     
   11.500000000000000        29.177735589346042     
   12.000000000000000        25.275622007101504     
   12.500000000000000        22.066780161465367     
   13.000000000000000        19.408797519492232     
   13.500000000000000        17.121824855133784     
   14.000000000000000        15.134786834410511     
   14.500000000000000        13.393716935444710     
   15.000000000000000        11.931050846901680     
   15.500000000000000        10.693625339904239     
   16.000000000000000        9.6075307970947676     
   16.500000000000000        8.6430480111980206     
   17.000000000000000        7.7787592057300907     
   17.500000000000000        7.0032244886994270     
   18.000000000000000        6.3444322949383123     
   18.500000000000000        5.7726837875961117     
   19.000000000000000        5.2596868817846172     
   19.500000000000000        4.7959186131508611     
   20.000000000000000        4.3755938374530698     
