  0.50000000000000000        1491.5448845592041     
   1.0000000000000000        3021.9522578983997     
   1.5000000000000000        3816.2862865729508     
   2.0000000000000000        3807.7422438162521     
   2.5000000000000000        3298.9961646474612     
   3.0000000000000000        2605.1675645926193     
   3.5000000000000000        1946.6654233321608     
   4.0000000000000000        1412.0935303876358     
   4.5000000000000000        1011.4006311734320     
   5.0000000000000000        729.49759043862969     
   5.5000000000000000        532.71537649884715     
   6.0000000000000000        397.13435598697720     
   6.5000000000000000        302.48786680312793     
   7.0000000000000000        234.63381221983857     
   7.5000000000000000        185.94375514016230     
   8.0000000000000000        149.68421692490767     
   8.5000000000000000        122.05319724389449     
   9.0000000000000000        100.97146793898712     
   9.5000000000000000        84.418683229211652     
   10.000000000000000        71.002752016110591     
   10.500000000000000        60.369379511746224     
   11.000000000000000        51.741500600865407     
   11.500000000000000        44.574502087472993     
   12.000000000000000        38.525161556795311     
   12.500000000000000        33.540778122103461     
   13.000000000000000        29.428885008015957     
   13.500000000000000        25.909611594208165     
   14.000000000000000        22.864835955715705     
   14.500000000000000        20.205901508227157     
   15.000000000000000        17.968993595735014     
   15.500000000000000        16.077891622377837     
   16.000000000000000        14.425899373285011     
   16.500000000000000        12.960970956350840     
   17.000000000000000        11.653553612000874     
   17.500000000000000        10.482637963380375     
   18.000000000000000        9.4864473509150464     
   18.500000000000000        8.6222984260691131     
   19.000000000000000        7.8490056499865446     
   19.500000000000000        7.1520911987736540     
   20.000000000000000        6.5205640380980725     
