  0.50000000000000000        172.76964462472904     
   1.0000000000000000        355.38142377642004     
   1.5000000000000000        449.33748288585133     
   2.0000000000000000        444.52709382302135     
   2.5000000000000000        378.85921641100919     
   3.0000000000000000        292.59419865889731     
   3.5000000000000000        212.57133871542345     
   4.0000000000000000        148.98132384984297     
   4.5000000000000000        102.68907384848967     
   5.0000000000000000        71.003987358190273     
   5.5000000000000000        49.666958091821257     
   6.0000000000000000        35.492931486735912     
   6.5000000000000000        25.931138287161691     
   7.0000000000000000        19.365448906561625     
   7.5000000000000000        14.827936352798854     
   8.0000000000000000        11.556124916439366     
   8.5000000000000000        9.1643227216886309     
   9.0000000000000000        7.4018424927715332     
   9.5000000000000000        6.0353712007253320     
   10.000000000000000        4.9449178996048078     
   10.500000000000000        4.1161638246131913     
   11.000000000000000        3.4555799356003680     
   11.500000000000000        2.9145302969474165     
   12.000000000000000        2.4622180623786671     
   12.500000000000000        2.1033938095463607     
   13.000000000000000        1.8135938124320783     
   13.500000000000000        1.5663838231892357     
   14.000000000000000        1.3534953269151242     
   14.500000000000000        1.1700095561273933     
   15.000000000000000        1.0223868686005908     
   15.500000000000000       0.90185946567165920     
   16.000000000000000       0.79695229742463380     
   16.500000000000000       0.70422120585000725     
   17.000000000000000       0.62211156586431848     
   17.500000000000000       0.54925823314245181     
   18.000000000000000       0.49010942287769521     
   18.500000000000000       0.43999429023695219     
   19.000000000000000       0.39524381188078539     
   19.500000000000000       0.35497483868124324     
   20.000000000000000       0.31850847048068737     
