  0.50000000000000000        110.69936867168869     
   1.0000000000000000        228.62715773614605     
   1.5000000000000000        290.95684998145776     
   2.0000000000000000        289.90844014204015     
   2.5000000000000000        249.34062859144589     
   3.0000000000000000        194.27259292015867     
   3.5000000000000000        142.32754754984734     
   4.0000000000000000        100.60870125080910     
   4.5000000000000000        69.873135736203281     
   5.0000000000000000        48.668644676586567     
   5.5000000000000000        34.263132005429426     
   6.0000000000000000        24.641351628297862     
   6.5000000000000000        18.106646388576912     
   7.0000000000000000        13.597853327040511     
   7.5000000000000000        10.462867961935720     
   8.0000000000000000        8.1916840170118697     
   8.5000000000000000        6.5249332313082977     
   9.0000000000000000        5.2928763706957831     
   9.5000000000000000        4.3321084747845662     
   10.000000000000000        3.5614868166770060     
   10.500000000000000        2.9741468765362873     
   11.000000000000000        2.5054244150872362     
   11.500000000000000        2.1188186858305968     
   12.000000000000000        1.7956190025512384     
   12.500000000000000        1.5380832765279229     
   13.000000000000000        1.3296546933447053     
   13.500000000000000        1.1512995291662083     
   14.000000000000000       0.99722472511232341     
   14.500000000000000       0.86375638273964650     
   15.000000000000000       0.75621980472643346     
   15.500000000000000       0.66855430387759307     
   16.000000000000000       0.59182701311976182     
   16.500000000000000       0.52404931185273007     
   17.000000000000000       0.46370163864689395     
   17.500000000000000       0.41019370568371227     
   18.000000000000000       0.36656588889400843     
   18.500000000000000       0.32966145390969009     
   19.000000000000000       0.29651412585055609     
   19.500000000000000       0.26679377443792579     
   20.000000000000000       0.23971787310438261     
