  0.50000000000000000        306.54698521975212     
   1.0000000000000000        626.19108598478783     
   1.5000000000000000        784.05908580310222     
   2.0000000000000000        765.40574777099482     
   2.5000000000000000        643.30748238011245     
   3.0000000000000000        489.83089330052735     
   3.5000000000000000        351.05450368822733     
   4.0000000000000000        243.02109294881606     
   4.5000000000000000        165.48733869003962     
   5.0000000000000000        113.16914730365636     
   5.5000000000000000        78.344406849156925     
   6.0000000000000000        55.467730077277253     
   6.5000000000000000        40.174730375778182     
   7.0000000000000000        29.764820837577510     
   7.5000000000000000        22.621709729482703     
   8.0000000000000000        17.510076746115612     
   8.5000000000000000        13.797082631141597     
   9.0000000000000000        11.081281128422734     
   9.5000000000000000        8.9864714555729055     
   10.000000000000000        7.3235399629065938     
   10.500000000000000        6.0669353928862515     
   11.000000000000000        5.0705029979169813     
   11.500000000000000        4.2572962692739598     
   12.000000000000000        3.5834296614934975     
   12.500000000000000        3.0493042174479541     
   13.000000000000000        2.6193428435510460     
   13.500000000000000        2.2546766420767619     
   14.000000000000000        1.9422753905761430     
   14.500000000000000        1.6736591515058037     
   15.000000000000000        1.4581251410719638     
   15.500000000000000        1.2822721139126183     
   16.000000000000000        1.1301610626300453     
   16.500000000000000       0.99649739960131412     
   17.000000000000000       0.87794263660742256     
   17.500000000000000       0.77317114716159829     
   18.000000000000000       0.68843033127003272     
   18.500000000000000       0.61671067891921560     
   19.000000000000000       0.55287512539440686     
   19.500000000000000       0.49542577287417200     
   20.000000000000000       0.44377551444758717     
