  0.50000000000000000        98.768615798545838     
   1.0000000000000000        215.56167927243916     
   1.5000000000000000        279.41423804884386     
   2.0000000000000000        278.79341785575139     
   2.5000000000000000        237.79593079362718     
   3.0000000000000000        183.26405041358163     
   3.5000000000000000        132.97559486302109     
   4.0000000000000000        93.395769076515634     
   4.5000000000000000        64.791053500939938     
   5.0000000000000000        45.224426465740031     
   5.5000000000000000        31.999619314149825     
   6.0000000000000000        23.165144007710122     
   6.5000000000000000        17.122282741167851     
   7.0000000000000000        12.941679030207212     
   7.5000000000000000        10.008729045012108     
   8.0000000000000000        7.8656487674696889     
   8.5000000000000000        6.2876626419796109     
   9.0000000000000000        5.1133719883066897     
   9.5000000000000000        4.1915332328158650     
   10.000000000000000        3.4482403600474956     
   10.500000000000000        2.8844316206868825     
   11.000000000000000        2.4304438665918719     
   11.500000000000000        2.0553881077918708     
   12.000000000000000        1.7410850235739472     
   12.500000000000000        1.4917708835741368     
   13.000000000000000        1.2890078566636247     
   13.500000000000000        1.1156388460812954     
   14.000000000000000       0.96569593445365420     
   14.500000000000000       0.83599321926530923     
   15.000000000000000       0.73168357876588375     
   15.500000000000000       0.64643293775009680     
   16.000000000000000       0.57194743998139730     
   16.500000000000000       0.50597688193084067     
   17.000000000000000       0.44756171026266711     
   17.500000000000000       0.39545304290160510     
   18.000000000000000       0.35317380962147549     
   18.500000000000000       0.31747179990397778     
   19.000000000000000       0.28538474204453285     
   19.500000000000000       0.25648537132754767     
   20.000000000000000       0.23028025236519653     
