  0.50000000000000000        196.65759533404849     
   1.0000000000000000        397.37004226455599     
   1.5000000000000000        498.79315840553591     
   2.0000000000000000        491.98120712432512     
   2.5000000000000000        419.22539192238673     
   3.0000000000000000        323.88230946304225     
   3.5000000000000000        235.19270266031481     
   4.0000000000000000        164.70117166914858     
   4.5000000000000000        113.21974927763270     
   5.0000000000000000        78.038678837865746     
   5.5000000000000000        54.369380523119062     
   6.0000000000000000        38.710778510519127     
   6.5000000000000000        28.183575377277283     
   7.0000000000000000        20.978612197981207     
   7.5000000000000000        16.015274891222774     
   8.0000000000000000        12.451156693427713     
   8.5000000000000000        9.8550100503716394     
   9.0000000000000000        7.9450135115195124     
   9.5000000000000000        6.4714605798481033     
   10.000000000000000        5.2958456387971147     
   10.500000000000000        4.4034555516488094     
   11.000000000000000        3.6936195424595306     
   11.500000000000000        3.1120371116794874     
   12.000000000000000        2.6285500138241811     
   12.500000000000000        2.2439147941177939     
   13.000000000000000        1.9337692972084810     
   13.500000000000000        1.6690068548634711     
   14.000000000000000        1.4421693049231927     
   14.500000000000000        1.2461366388743171     
   15.000000000000000        1.0884839265584489     
   15.500000000000000       0.95980325607819983     
   16.000000000000000       0.84781130413202777     
   16.500000000000000       0.74916514566951320     
   17.000000000000000       0.66170856670150957     
   17.500000000000000       0.58393119880544619     
   18.000000000000000       0.52100105847615841     
   18.500000000000000       0.46767190037665324     
   19.000000000000000       0.41998780368514288     
   19.500000000000000       0.37709447927572282     
   20.000000000000000       0.33839395140881556     
