  0.50000000000000000        181.08569568118071     
   1.0000000000000000        386.17699580956833     
   1.5000000000000000        505.59388877040766     
   2.0000000000000000        519.04772581505574     
   2.5000000000000000        460.69048518917435     
   3.0000000000000000        372.67327158747401     
   3.5000000000000000        286.64622906229056     
   4.0000000000000000        214.44917522794307     
   4.5000000000000000        159.07141189253423     
   5.0000000000000000        118.66393229010893     
   5.5000000000000000        89.241417838530865     
   6.0000000000000000        68.267569723830420     
   6.5000000000000000        52.955396769438998     
   7.0000000000000000        41.615603200376697     
   7.5000000000000000        33.234202370132152     
   8.0000000000000000        26.842701290866536     
   8.5000000000000000        21.895232487395486     
   9.0000000000000000        18.086291426700630     
   9.5000000000000000        15.072344647473761     
   10.000000000000000        12.633347956471111     
   10.500000000000000        10.695417469394364     
   11.000000000000000        9.1229517549304013     
   11.500000000000000        7.8243606427559671     
   12.000000000000000        6.7347002672150245     
   12.500000000000000        5.8401197609939244     
   13.000000000000000        5.1005219816746550     
   13.500000000000000        4.4717089365342462     
   14.000000000000000        3.9314542497147889     
   14.500000000000000        3.4631369522605739     
   15.000000000000000        3.0688320482775229     
   15.500000000000000        2.7362092525614128     
   16.000000000000000        2.4470951886256143     
   16.500000000000000        2.1925055835319354     
   17.000000000000000        1.9663437635689400     
   17.500000000000000        1.7658911082749447     
   18.000000000000000        1.5939766186579403     
   18.500000000000000        1.4444408270396734     
   19.000000000000000        1.3116125736290567     
   19.500000000000000        1.1923057064450242     
   20.000000000000000        1.0850262916220710     
