  0.50000000000000000        117.16666405502289     
   1.0000000000000000        250.75048692253205     
   1.5000000000000000        330.03844725704852     
   2.0000000000000000        341.05881822521815     
   2.5000000000000000        304.87771547283739     
   3.0000000000000000        248.56371355511774     
   3.5000000000000000        192.73005595071777     
   4.0000000000000000        145.24664089045243     
   4.5000000000000000        108.53707570810860     
   5.0000000000000000        81.528891646507716     
   5.5000000000000000        61.700334349021873     
   6.0000000000000000        47.467552009856703     
   6.5000000000000000        37.043248797963408     
   7.0000000000000000        29.255000080424537     
   7.5000000000000000        23.476352389416604     
   8.0000000000000000        19.048128750597591     
   8.5000000000000000        15.602916824547323     
   9.0000000000000000        12.938414466866469     
   9.5000000000000000        10.824005509274416     
   10.000000000000000        9.1052350513547804     
   10.500000000000000        7.7322803756301584     
   11.000000000000000        6.6170786512157145     
   11.500000000000000        5.6916669121991692     
   12.000000000000000        4.9135354655003507     
   12.500000000000000        4.2715926328140652     
   13.000000000000000        3.7399260740288098     
   13.500000000000000        3.2873792482156783     
   14.000000000000000        2.8966364247009211     
   14.500000000000000        2.5575417973653396     
   15.000000000000000        2.2712484768742094     
   15.500000000000000        2.0290055429378491     
   16.000000000000000        1.8179370520072067     
   16.500000000000000        1.6319732163117600     
   17.000000000000000        1.4662833987907964     
   17.500000000000000        1.3190041504684458     
   18.000000000000000        1.1925245068156642     
   18.500000000000000        1.0823797125163990     
   19.000000000000000       0.98425734890237804     
   19.500000000000000       0.89608425521279456     
   20.000000000000000       0.81669651445768832     
