  0.50000000000000000        316.67728290141497     
   1.0000000000000000        671.57726374980962     
   1.5000000000000000        869.89610941623778     
   2.0000000000000000        884.14756325070618     
   2.5000000000000000        775.30156869775465     
   3.0000000000000000        619.25109128629958     
   3.5000000000000000        470.79745531492142     
   4.0000000000000000        348.04215916881253     
   4.5000000000000000        255.32276485942418     
   5.0000000000000000        188.47091782403859     
   5.5000000000000000        140.40100367843925     
   6.0000000000000000        106.42092732276475     
   6.5000000000000000        81.891839949142621     
   7.0000000000000000        63.859337839021130     
   7.5000000000000000        50.629602617671978     
   8.0000000000000000        40.625023209567452     
   8.5000000000000000        32.929316221166999     
   9.0000000000000000        27.041789998297542     
   9.5000000000000000        22.419046892366982     
   10.000000000000000        18.697813667512250     
   10.500000000000000        15.748928829589657     
   11.000000000000000        13.377944791308936     
   11.500000000000000        11.422947362457030     
   12.000000000000000        9.7942461577866329     
   12.500000000000000        8.4609346268628780     
   13.000000000000000        7.3639995899622139     
   13.500000000000000        6.4334616234594311     
   14.000000000000000        5.6378722707787210     
   14.500000000000000        4.9525951118011493     
   15.000000000000000        4.3760291804314440     
   15.500000000000000        3.8902998778275268     
   16.000000000000000        3.4698965138422713     
   16.500000000000000        3.1004783174339630     
   17.000000000000000        2.7743332496579076     
   17.500000000000000        2.4854127551177507     
   18.000000000000000        2.2385926191445700     
   18.500000000000000        2.0240870747418849     
   19.000000000000000        1.8340272691349715     
   19.500000000000000        1.6639570440931708     
   20.000000000000000        1.5111052659352728     
