  0.50000000000000000        131.94982854005983     
   1.0000000000000000        298.92638785085097     
   1.5000000000000000        401.15812892121130     
   2.0000000000000000        414.95156210229925     
   2.5000000000000000        367.41423380308368     
   3.0000000000000000        294.83822964342693     
   3.5000000000000000        224.91993805060491     
   4.0000000000000000        167.15095852983157     
   4.5000000000000000        123.49854210798982     
   5.0000000000000000        92.024517996350539     
   5.5000000000000000        69.288513481117647     
   6.0000000000000000        53.110598429735937     
   6.5000000000000000        41.334969345876445     
   7.0000000000000000        32.584707587751836     
   7.5000000000000000        26.106891396696213     
   8.0000000000000000        21.148656987835874     
   8.5000000000000000        17.295347679512581     
   9.0000000000000000        14.321221525647262     
   9.5000000000000000        11.962251904115806     
   10.000000000000000        10.042956614159825     
   10.500000000000000        8.5146868535657259     
   11.000000000000000        7.2722657314768293     
   11.500000000000000        6.2430586580639140     
   12.000000000000000        5.3796870975611544     
   12.500000000000000        4.6681351092418364     
   13.000000000000000        4.0802676201030978     
   13.500000000000000        3.5800211959056805     
   14.000000000000000        3.1489464499649102     
   14.500000000000000        2.7751201086682555     
   15.000000000000000        2.4609339514779083     
   15.500000000000000        2.1947138632437757     
   16.000000000000000        1.9634386531757493     
   16.500000000000000        1.7596959497403144     
   17.000000000000000        1.5789345488657403     
   17.500000000000000        1.4183262405060602     
   18.000000000000000        1.2805627839644498     
   18.500000000000000        1.1606314232268142     
   19.000000000000000        1.0542453236718576     
   19.500000000000000       0.95852229919415954     
   20.000000000000000       0.87243827420205999     
