  0.50000000000000000        196.09189121364281     
   1.0000000000000000        410.50027866833557     
   1.5000000000000000        532.41381395973542     
   2.0000000000000000        545.65388181647904     
   2.5000000000000000        484.96509450150137     
   3.0000000000000000        392.97959670763589     
   3.5000000000000000        303.14442821122623     
   4.0000000000000000        227.04044626751863     
   4.5000000000000000        168.52949139365597     
   5.0000000000000000        125.73228942436371     
   5.5000000000000000        94.517893635467317     
   6.0000000000000000        72.214356733611197     
   6.5000000000000000        55.971601632554602     
   7.0000000000000000        43.925752281426455     
   7.5000000000000000        35.043578479332389     
   8.0000000000000000        28.280081581750700     
   8.5000000000000000        23.045921537675994     
   9.0000000000000000        19.019506202352385     
   9.5000000000000000        15.846532963714507     
   10.000000000000000        13.273811342141517     
   10.500000000000000        11.229842967866073     
   11.000000000000000        9.5767609420074375     
   11.500000000000000        8.2110978489468529     
   12.000000000000000        7.0653261136005359     
   12.500000000000000        6.1250014733081644     
   13.000000000000000        5.3486859570460590     
   13.500000000000000        4.6883776467527198     
   14.000000000000000        4.1207084292473102     
   14.500000000000000        3.6301595398485249     
   15.000000000000000        3.2165025919068686     
   15.500000000000000        2.8670700353822642     
   16.000000000000000        2.5638428654708201     
   16.500000000000000        2.2967194035449938     
   17.000000000000000        2.0601084118156998     
   17.500000000000000        1.8500775138962455     
   18.000000000000000        1.6696280993401706     
   18.500000000000000        1.5128286583959842     
   19.000000000000000        1.3734680771924959     
   19.500000000000000        1.2487045341619156     
   20.000000000000000        1.1361019155581336     
