  0.50000000000000000        174.76818709557665     
   1.0000000000000000        359.59079520492520     
   1.5000000000000000        455.05388850942279     
   2.0000000000000000        450.91454378551066     
   2.5000000000000000        385.60092556717171     
   3.0000000000000000        298.99394996169815     
   3.5000000000000000        218.17248986840730     
   4.0000000000000000        153.85790685309371     
   4.5000000000000000        106.78675353879005     
   5.0000000000000000        74.426336803166635     
   5.5000000000000000        52.461296166701864     
   6.0000000000000000        37.770034965842420     
   6.5000000000000000        27.789105614965166     
   7.0000000000000000        20.887609301480691     
   7.5000000000000000        16.085806782070481     
   8.0000000000000000        12.604022210467372     
   8.5000000000000000        10.040140489239754     
   9.0000000000000000        8.1364783947480781     
   9.5000000000000000        6.6574827845271081     
   10.000000000000000        5.4775389444188249     
   10.500000000000000        4.5761587411729421     
   11.000000000000000        3.8551152714525720     
   11.500000000000000        3.2625250980125355     
   12.000000000000000        2.7674058664569059     
   12.500000000000000        2.3704115872414748     
   13.000000000000000        2.0473732031769161     
   13.500000000000000        1.7724445104350852     
   14.000000000000000        1.5365221576000891     
   14.500000000000000        1.3329312841286547     
   15.000000000000000        1.1681949144335666     
   15.500000000000000        1.0329844257931105     
   16.000000000000000       0.91470268170238966     
   16.500000000000000       0.81077464514431674     
   17.000000000000000       0.71847427166906519     
   17.500000000000000       0.63591820924482645     
   18.000000000000000       0.56847245957239723     
   18.500000000000000       0.51084201603400736     
   19.000000000000000       0.45950031632192045     
   19.500000000000000       0.41321644366472920     
   20.000000000000000       0.37169565714004915     
