  0.50000000000000000        111.94801185541166     
   1.0000000000000000        231.42207936688507     
   1.5000000000000000        294.74872344855129     
   2.0000000000000000        294.42664790020257     
   2.5000000000000000        253.84663935195903     
   3.0000000000000000        198.52067037219427     
   3.5000000000000000        146.11093485197236     
   4.0000000000000000        103.88464377476170     
   4.5000000000000000        72.669582282477805     
   5.0000000000000000        51.007735899373984     
   5.5000000000000000        36.196804376326803     
   6.0000000000000000        26.227944420365837     
   6.5000000000000000        19.406272490968700     
   7.0000000000000000        14.665414615193288     
   7.5000000000000000        11.352774011527089     
   8.0000000000000000        8.9353408104022716     
   8.5000000000000000        7.1483194749068586     
   9.0000000000000000        5.8168825170276888     
   9.5000000000000000        4.7773075789874513     
   10.000000000000000        3.9452328958972771     
   10.500000000000000        3.3072360329876180     
   11.000000000000000        2.7948713343409484     
   11.500000000000000        2.3729129560007332     
   12.000000000000000        2.0182303191810678     
   12.500000000000000        1.7334383652860728     
   13.000000000000000        1.5008646118191893     
   13.500000000000000        1.3025788295814826     
   14.000000000000000        1.1316530770154027     
   14.500000000000000       0.98387076295116782     
   15.000000000000000       0.86416238854222449     
   15.500000000000000       0.76559582993967357     
   16.000000000000000       0.67950468101948125     
   16.500000000000000       0.60338079709602654     
   17.000000000000000       0.53565891723774206     
   17.500000000000000       0.47496626150656868     
   18.000000000000000       0.42528240550226148     
   18.500000000000000       0.38278002906914799     
   19.000000000000000       0.34469949344142109     
   19.500000000000000       0.31055117722885867     
   20.000000000000000       0.27970843008263618     
