  0.50000000000000000        309.90484661512937     
   1.0000000000000000        634.34145196089662     
   1.5000000000000000        793.62458901033483     
   2.0000000000000000        776.51613021599553     
   2.5000000000000000        654.62383506770232     
   3.0000000000000000        500.47711045952929     
   3.5000000000000000        360.44976746965614     
   4.0000000000000000        250.94499856018155     
   4.5000000000000000        172.09020607988276     
   5.0000000000000000        118.61476728735998     
   5.5000000000000000        82.770460237582668     
   6.0000000000000000        59.030689533304660     
   6.5000000000000000        43.054663130427912     
   7.0000000000000000        32.107821546453692     
   7.5000000000000000        24.541354106350479     
   8.0000000000000000        19.099465450600572     
   8.5000000000000000        15.116797231449478     
   9.0000000000000000        12.176811748144384     
   9.5000000000000000        9.9107483601050710     
   10.000000000000000        8.1113452498506291     
   10.500000000000000        6.7446528660025074     
   11.000000000000000        5.6563813978048803     
   11.500000000000000        4.7668598069330388     
   12.000000000000000        4.0267786676440487     
   12.500000000000000        3.4360426062636327     
   13.000000000000000        2.9571811260126690     
   13.500000000000000        2.5513691880664799     
   14.000000000000000        2.2046540899542029     
   14.500000000000000        1.9065581938397309     
   15.000000000000000        1.6659451630432645     
   15.500000000000000        1.4687253382301961     
   16.000000000000000        1.2974091651602229     
   16.500000000000000        1.1471477469455367     
   17.000000000000000        1.0138821252481520     
   17.500000000000000       0.89561233080709102     
   18.000000000000000       0.79857096773697955     
   18.500000000000000       0.71603326094140185     
   19.000000000000000       0.64257830664769855     
   19.500000000000000       0.57681619081545643     
   20.000000000000000       0.51774467348621345     
