  0.50000000000000000        99.914548886561334     
   1.0000000000000000        218.25003284536331     
   1.5000000000000000        282.94591312991906     
   2.0000000000000000        282.89619798897354     
   2.5000000000000000        242.09577303000523     
   3.0000000000000000        187.27951302191687     
   3.5000000000000000        136.55222240275228     
   4.0000000000000000        96.531908748326188     
   4.5000000000000000        67.415263243114865     
   5.0000000000000000        47.431851906527733     
   5.5000000000000000        33.823363225590512     
   6.0000000000000000        24.663003319356836     
   6.5000000000000000        18.357237631975384     
   7.0000000000000000        13.959988206449200     
   7.5000000000000000        10.857028489429885     
   8.0000000000000000        8.5768544202571757     
   8.5000000000000000        6.8838691199133937     
   9.0000000000000000        5.6149937250509412     
   9.5000000000000000        4.6174686892859045     
   10.000000000000000        3.8159751510235704     
   10.500000000000000        3.2027748268865230     
   11.000000000000000        2.7071998378920803     
   11.500000000000000        2.2981640824904987     
   12.000000000000000        1.9540048013691951     
   12.500000000000000        1.6781425310180040     
   13.000000000000000        1.4529207701853528     
   13.500000000000000        1.2601240863774734     
   14.000000000000000        1.0939405868493353     
   14.500000000000000       0.95068929717904682     
   15.000000000000000       0.83431593572377094     
   15.500000000000000       0.73897058217019596     
   16.000000000000000       0.65538562706417314     
   16.500000000000000       0.58156644539464142     
   17.000000000000000       0.51584933232628649     
   17.500000000000000       0.45702783333241115     
   18.000000000000000       0.40889911593404071     
   18.500000000000000       0.36783842336612205     
   19.000000000000000       0.33104321588764019     
   19.500000000000000       0.29804317306578265     
   20.000000000000000       0.26818179862108499     
