  0.50000000000000000        198.92049138620706     
   1.0000000000000000        402.16628889006324     
   1.5000000000000000        504.99578403859687     
   2.0000000000000000        499.09754015593927     
   2.5000000000000000        426.63762611864536     
   3.0000000000000000        330.87632045681676     
   3.5000000000000000        241.43656805867371     
   4.0000000000000000        170.04358830339928     
   4.5000000000000000        117.73526859532969     
   5.0000000000000000        81.780476937547220     
   5.5000000000000000        57.424386831599826     
   6.0000000000000000        41.185065247374887     
   6.5000000000000000        30.197070963425844     
   7.0000000000000000        22.624837543188292     
   7.5000000000000000        17.371999278926836     
   8.0000000000000000        13.583188445926931     
   8.5000000000000000        10.799311324842220     
   9.0000000000000000        8.7356119892175244     
   9.5000000000000000        7.1394931754922011     
   10.000000000000000        5.8665414856914619     
   10.500000000000000        4.8960308144234279     
   11.000000000000000        4.1212188566645063     
   11.500000000000000        3.4852358277372133     
   12.000000000000000        2.9543336865577863     
   12.500000000000000        2.5294324286317078     
   13.000000000000000        2.1837761652996943     
   13.500000000000000        1.8894320773352240     
   14.000000000000000        1.6372696871444241     
   14.500000000000000        1.4200435869940968     
   15.000000000000000        1.2439625572754915     
   15.500000000000000        1.0992719668250754     
   16.000000000000000       0.97372849708440046     
   16.500000000000000       0.86272260980047710     
   17.000000000000000       0.76441376273436779     
   17.500000000000000       0.67653775869715849     
   18.000000000000000       0.60452054338420180     
   18.500000000000000       0.54324040167595167     
   19.000000000000000       0.48834102488447056     
   19.500000000000000       0.43928394230504952     
   20.000000000000000       0.39491541119587470     
