  0.50000000000000000        170.03964345474509     
   1.0000000000000000        349.35655755911728     
   1.5000000000000000        441.55964283832020     
   2.0000000000000000        435.74600899915890     
   2.5000000000000000        370.31642402406965     
   3.0000000000000000        284.86982480736998     
   3.5000000000000000        205.86921655842258     
   4.0000000000000000        143.32968048022241     
   4.5000000000000000        98.033128138468115     
   5.0000000000000000        67.229280174600987     
   5.5000000000000000        46.619789984512344     
   6.0000000000000000        33.056248612712132     
   6.5000000000000000        23.971021193178718     
   7.0000000000000000        17.780796825988229     
   7.5000000000000000        13.525686071073597     
   8.0000000000000000        10.475684078787859     
   8.5000000000000000        8.2647988963628105     
   9.0000000000000000        6.6475811081884437     
   9.5000000000000000        5.4001043749764888     
   10.000000000000000        4.4069821213056546     
   10.500000000000000        3.6573293028990745     
   11.000000000000000        3.0581818365672024     
   11.500000000000000        2.5680658466924000     
   12.000000000000000        2.1609005421250260     
   12.500000000000000        1.8391939230975844     
   13.000000000000000        1.5795098075476324     
   13.500000000000000        1.3601764762186639     
   14.000000000000000        1.1722828294468302     
   14.500000000000000        1.0105928890649651     
   15.000000000000000       0.88115709749121662     
   15.500000000000000       0.77567082550687949     
   16.000000000000000       0.68303529177298727     
   16.500000000000000       0.60199423849206768     
   17.000000000000000       0.53005749964295845     
   17.500000000000000       0.46608762102283208     
   18.000000000000000       0.41466095075564946     
   18.500000000000000       0.37120080548686651     
   19.000000000000000       0.33262639867961008     
   19.500000000000000       0.29798250060748188     
   20.000000000000000       0.26699280350168114     
