  0.50000000000000000        108.89923978839614     
   1.0000000000000000        224.73495875018520     
   1.5000000000000000        285.89173147020921     
   2.0000000000000000        284.35179132734669     
   2.5000000000000000        243.81216847449238     
   3.0000000000000000        189.13557463355781     
   3.5000000000000000        137.85048292454275     
   4.0000000000000000        96.791271877167063     
   4.5000000000000000        66.708870007390203     
   5.0000000000000000        46.074498794221476     
   5.5000000000000000        32.169747223023883     
   6.0000000000000000        22.952798091271180     
   6.5000000000000000        16.738834452499017     
   7.0000000000000000        12.484407441067843     
   7.5000000000000000        9.5427060783066064     
   8.0000000000000000        7.4265262122619466     
   8.5000000000000000        5.8859033733809571     
   9.0000000000000000        4.7525298076162654     
   9.5000000000000000        3.8746392252197861     
   10.000000000000000        3.1748059281610659     
   10.500000000000000        2.6429432944573858     
   11.000000000000000        2.2175880855092260     
   11.500000000000000        1.8675173156315659     
   12.000000000000000        1.5759635331456219     
   12.500000000000000        1.3448802163491160     
   13.000000000000000        1.1579529037743479     
   13.500000000000000       0.99941323013508332     
   14.000000000000000       0.86349296135776599     
   14.500000000000000       0.74605020724375681     
   15.000000000000000       0.65199134760751276     
   15.500000000000000       0.57499345357488241     
   16.000000000000000       0.50746631367266692     
   16.500000000000000       0.44792252688760842     
   17.000000000000000       0.39497887578408369     
   17.500000000000000       0.34816272058608122     
   18.000000000000000       0.31018417964506684     
   18.500000000000000       0.27812214718106348     
   19.000000000000000       0.24958958283977709     
   19.500000000000000       0.22398560563731326     
   20.000000000000000       0.20094611068367174     
