  0.50000000000000000        301.66515565695846     
   1.0000000000000000        616.05154329562197     
   1.5000000000000000        769.89721230023110     
   2.0000000000000000        750.08412011293899     
   2.5000000000000000        628.98693814422847     
   3.0000000000000000        476.97270306506465     
   3.5000000000000000        339.94201584850879     
   4.0000000000000000        233.79301296687825     
   4.5000000000000000        157.99000509276513     
   5.0000000000000000        107.14592996651713     
   5.5000000000000000        73.555022502221647     
   6.0000000000000000        51.663101768901647     
   6.5000000000000000        37.138003894005152     
   7.0000000000000000        27.333677644884279     
   7.5000000000000000        20.638222028277742     
   8.0000000000000000        15.878192572197037     
   8.5000000000000000        12.445615749695781     
   9.0000000000000000        9.9516367338974856     
   9.5000000000000000        8.0383139744527359     
   10.000000000000000        6.5277172697987540     
   10.500000000000000        5.3910080761613255     
   11.000000000000000        4.4865973430645321     
   11.500000000000000        3.7519941177406135     
   12.000000000000000        3.1447815329106517     
   12.500000000000000        2.6655491348035225     
   13.000000000000000        2.2822603601835052     
   13.500000000000000        1.9577643323728187     
   14.000000000000000        1.6816472964108038     
   14.500000000000000        1.4454330979960608     
   15.000000000000000        1.2568698222729753     
   15.500000000000000        1.1031147319410239     
   16.000000000000000       0.96913483153349156     
   16.500000000000000       0.85153668693926132     
   17.000000000000000       0.74788752972487205     
   17.500000000000000       0.65621876333814122     
   18.000000000000000       0.58244347521829720     
   18.500000000000000       0.52030953982129535     
   19.000000000000000       0.46514007689016124     
   19.500000000000000       0.41604574473965822     
   20.000000000000000       0.37188101403458190     
