  0.50000000000000000        97.162221052155985     
   1.0000000000000000        211.94763057531935     
   1.5000000000000000        274.48371847368156     
   2.0000000000000000        273.42458227088849     
   2.5000000000000000        232.32754444795285     
   3.0000000000000000        178.37739827814289     
   3.5000000000000000        128.72911148718620     
   4.0000000000000000        89.799466924691544     
   4.5000000000000000        61.803491532227874     
   5.0000000000000000        42.787405445515503     
   5.5000000000000000        30.029292494560778     
   6.0000000000000000        21.563050973285218     
   6.5000000000000000        15.827227429733790     
   7.0000000000000000        11.884244474572940     
   7.5000000000000000        9.1333119365993625     
   8.0000000000000000        7.1356839128367575     
   8.5000000000000000        5.6759572186483602     
   9.0000000000000000        4.5957885381668966     
   9.5000000000000000        3.7544603887651897     
   10.000000000000000        3.0779081706886986     
   10.500000000000000        2.5662605133950698     
   11.000000000000000        2.1542363285325745     
   11.500000000000000        1.8146315200835930     
   12.000000000000000        1.5308141275758418     
   12.500000000000000        1.3062536817799804     
   13.000000000000000        1.1250007244240072     
   13.500000000000000       0.97051204399813351     
   14.000000000000000       0.83778988523285181     
   14.500000000000000       0.72340131648261718     
   15.000000000000000       0.63195755467875947     
   15.500000000000000       0.55707045477698125     
   16.000000000000000       0.49143239816762135     
   16.500000000000000       0.43348398031749291     
   17.000000000000000       0.38193336969218161     
   17.500000000000000       0.33633026564683371     
   18.000000000000000       0.29958038729323228     
   18.500000000000000       0.26843972254962412     
   19.000000000000000       0.24066737551066247     
   19.500000000000000       0.21579542552718592     
   20.000000000000000       0.19349777877569152     
