  0.50000000000000000        193.55875471379906     
   1.0000000000000000        390.86208226893751     
   1.5000000000000000        489.81995868990265     
   2.0000000000000000        482.24089287491876     
   2.5000000000000000        409.95172113210049     
   3.0000000000000000        315.36808283630779     
   3.5000000000000000        227.79940850752433     
   4.0000000000000000        158.45374779206679     
   4.5000000000000000        108.12308678811851     
   5.0000000000000000        73.901207828856329     
   5.5000000000000000        51.053365486891202     
   6.0000000000000000        36.052537265802862     
   6.5000000000000000        26.048589925628452     
   7.0000000000000000        19.259188868631970     
   7.5000000000000000        14.603897044475069     
   8.0000000000000000        11.288410563248773     
   8.5000000000000000        8.8867066711197378     
   9.0000000000000000        7.1341353240063849     
   9.5000000000000000        5.7862530671541128     
   10.000000000000000        4.7183555541813975     
   10.500000000000000        3.9110386637450985     
   11.000000000000000        3.2674068041770283     
   11.500000000000000        2.7415127186055872     
   12.000000000000000        2.3060949569458735     
   12.500000000000000        1.9610363313948123     
   13.000000000000000        1.6837657440604392     
   13.500000000000000        1.4488592120129220     
   14.000000000000000        1.2485028367452216     
   14.500000000000000        1.0758795818169316     
   15.000000000000000       0.93759437024295667     
   15.500000000000000       0.82517991426142390     
   16.000000000000000       0.72674193746596905     
   16.500000000000000       0.63997862600255784     
   17.000000000000000       0.56329346953992021     
   17.500000000000000       0.49544490614956399     
   18.000000000000000       0.44068736484788468     
   18.500000000000000       0.39451843580524198     
   19.000000000000000       0.35333005382300275     
   19.500000000000000       0.31652249340640476     
   20.000000000000000       0.28348119814511252     
