  0.50000000000000000        24.034574984491538     
   1.0000000000000000        51.116556117213428     
   1.5000000000000000        66.482453683893368     
   2.0000000000000000        67.586247074460701     
   2.5000000000000000        59.134015647723174     
   3.0000000000000000        46.908778899378319     
   3.5000000000000000        35.205601584921595     
   4.0000000000000000        25.568471051076603     
   4.5000000000000000        18.341727418735328     
   5.0000000000000000        13.192203625121913     
   5.5000000000000000        9.5667753236463415     
   6.0000000000000000        7.0504397175531297     
   6.5000000000000000        5.2741933263172109     
   7.0000000000000000        4.0112772427779122     
   7.5000000000000000        3.1059275183195201     
   8.0000000000000000        2.4358574209201462     
   8.5000000000000000        1.9377150750536920     
   9.0000000000000000        1.5631748588904650     
   9.5000000000000000        1.2714342710269941     
   10.000000000000000        1.0393071815019019     
   10.500000000000000       0.86208031221468218     
   11.000000000000000       0.72016856680429064     
   11.500000000000000       0.60460784241875698     
   12.000000000000000       0.50896191552952552     
   12.500000000000000       0.43292726102499818     
   13.000000000000000       0.37082105688356837     
   13.500000000000000       0.31859995480455977     
   14.000000000000000       0.27423652668577791     
   14.500000000000000       0.23631325895059957     
   15.000000000000000       0.20602877248951124     
   15.500000000000000       0.18092865679407141     
   16.000000000000000       0.15921797138190269     
   16.500000000000000       0.14033854573017734     
   17.000000000000000       0.12367466117695980     
   17.500000000000000       0.10901237129200456     
   18.000000000000000        9.6986672030767551E-002
   18.500000000000000        8.6707641847152184E-002
   19.000000000000000        7.7600187121827285E-002
   19.500000000000000        6.9468793363153272E-002
   20.000000000000000        6.2223514114401621E-002
