  0.50000000000000000        15.543853704610825     
   1.0000000000000000        33.217794380489586     
   1.5000000000000000        43.430381193207268     
   2.0000000000000000        44.406401343383365     
   2.5000000000000000        39.128061394505849     
   3.0000000000000000        31.281425605837075     
   3.5000000000000000        23.671295920141379     
   4.0000000000000000        17.322706839562585     
   4.5000000000000000        12.515658142355070     
   5.0000000000000000        9.0633556037870928     
   5.5000000000000000        6.6117165347226470     
   6.0000000000000000        4.9041179510535304     
   6.5000000000000000        3.6886148801738066     
   7.0000000000000000        2.8202431141157911     
   7.5000000000000000        2.1944441289554182     
   8.0000000000000000        1.7287312976982148     
   8.5000000000000000        1.3808338820879515     
   9.0000000000000000        1.1182751703606979     
   9.5000000000000000       0.91304682302002504     
   10.000000000000000       0.74902837753951723     
   10.500000000000000       0.62329102321713648     
   11.000000000000000       0.52242285470157623     
   11.500000000000000       0.43990675701385590     
   12.000000000000000       0.37126525831378449     
   12.500000000000000       0.31662896281461872     
   13.000000000000000       0.27193542533874288     
   13.500000000000000       0.23425358760112958     
   14.000000000000000       0.20209557281008969     
   14.500000000000000       0.17452491434726136     
   15.000000000000000       0.15239212759566428     
   15.500000000000000       0.13412377018560401     
   16.000000000000000       0.11829639301802716     
   16.500000000000000       0.10447061761072469     
   17.000000000000000        9.2219263481617381E-002
   17.500000000000000        8.1416791009731676E-002
   18.000000000000000        7.2566688709398516E-002
   18.500000000000000        6.4968261367782526E-002
   19.000000000000000        5.8216816072605274E-002
   19.500000000000000        5.2214551942788928E-002
   20.000000000000000        4.6812689236754940E-002
