  0.50000000000000000        42.000160367466826     
   1.0000000000000000        88.815407970961488     
   1.5000000000000000        114.46200612179378     
   2.0000000000000000        115.14122076067250     
   2.5000000000000000        99.477663319969551     
   3.0000000000000000        77.928303398531938     
   3.5000000000000000        57.814744987761337     
   4.0000000000000000        41.494384932946339     
   4.5000000000000000        29.439356592136903     
   5.0000000000000000        20.960266876541752     
   5.5000000000000000        15.046185745267278     
   6.0000000000000000        10.992897953184942     
   6.5000000000000000        8.1545750582844718     
   7.0000000000000000        6.1557199496323980     
   7.5000000000000000        4.7319131347679386     
   8.0000000000000000        3.6863462041198662     
   8.5000000000000000        2.9155889349221424     
   9.0000000000000000        2.3373215121541380     
   9.5000000000000000        1.8907401369373178     
   10.000000000000000        1.5380589324685334     
   10.500000000000000        1.2698235214985514     
   11.000000000000000        1.0561277267936180     
   11.500000000000000       0.88296652620208982     
   12.000000000000000       0.74024295552918917     
   12.500000000000000       0.62730438387149567     
   13.000000000000000       0.53535682894939407     
   13.500000000000000       0.45845611122671082     
   14.000000000000000       0.39335437175001847     
   14.500000000000000       0.33792247810563009     
   15.000000000000000       0.29364605939298161     
   15.500000000000000       0.25722614778557779     
   16.000000000000000       0.22577345937127194     
   16.500000000000000       0.19851473508583778     
   17.000000000000000       0.17448981714658815     
   17.500000000000000       0.15343362326703733     
   18.000000000000000       0.13622255998503782     
   18.500000000000000       0.12149228843466886     
   19.000000000000000       0.10847864946440818     
   19.500000000000000        9.6931680961847941E-002
   20.000000000000000        8.6667211605082894E-002
