  0.50000000000000000        17.504435440296895     
   1.0000000000000000        39.557280904257517     
   1.5000000000000000        52.766527882480574     
   2.0000000000000000        54.017570740599865     
   2.5000000000000000        47.128668197821646     
   3.0000000000000000        37.081742884475567     
   3.5000000000000000        27.604945570304242     
   4.0000000000000000        19.897648186042343     
   4.5000000000000000        14.217223644380551     
   5.0000000000000000        10.210221949828208     
   5.5000000000000000        7.4104685263123526     
   6.0000000000000000        5.4768339486474042     
   6.5000000000000000        4.1095729237288516     
   7.0000000000000000        3.1378654567190227     
   7.5000000000000000        2.4384505312123403     
   8.0000000000000000        1.9180753051858737     
   8.5000000000000000        1.5305515402258678     
   9.0000000000000000        1.2381771243726376     
   9.5000000000000000        1.0093147487100664     
   10.000000000000000       0.82695520293246649     
   10.500000000000000       0.68729029200104841     
   11.000000000000000       0.57497672624304963     
   11.500000000000000       0.48337157577898793     
   12.000000000000000       0.40721317700738535     
   12.500000000000000       0.34676107341571999     
   13.000000000000000       0.29738600477884841     
   13.500000000000000       0.25562532233081514     
   14.000000000000000       0.22013388014329277     
   14.500000000000000       0.18982257614470052     
   15.000000000000000       0.16550779802189589     
   15.500000000000000       0.14540600334146300     
   16.000000000000000       0.12808753596033157     
   16.500000000000000       0.11290130657901774     
   17.000000000000000        9.9538770847020661E-002
   17.500000000000000        8.7744370828544735E-002
   18.000000000000000        7.8074603861146508E-002
   18.500000000000000        6.9806550500960296E-002
   19.000000000000000        6.2473331913247630E-002
   19.500000000000000        5.5952406891905553E-002
   20.000000000000000        5.0130002148149153E-002
