  0.50000000000000000        26.001979711894926     
   1.0000000000000000        54.327194160204520     
   1.5000000000000000        70.114711173707292     
   2.0000000000000000        71.064079189604882     
   2.5000000000000000        62.205609511925189     
   3.0000000000000000        49.466272131479343     
   3.5000000000000000        37.223216530657979     
   4.0000000000000000        27.086177013234792     
   4.5000000000000000        19.448105979970268     
   5.0000000000000000        13.988534392208333     
   5.5000000000000000        10.133220359161626     
   6.0000000000000000        7.4631819796520364     
   6.5000000000000000        5.5763448132201461     
   7.0000000000000000        4.2363184377538161     
   7.5000000000000000        3.2755887328868645     
   8.0000000000000000        2.5668899097406062     
   8.5000000000000000        2.0399917163553440     
   9.0000000000000000        1.6441429341403553     
   9.5000000000000000        1.3360536437071573     
   10.000000000000000        1.0916263364740275     
   10.500000000000000       0.90481637366244949     
   11.000000000000000       0.75564339689055671     
   11.500000000000000       0.63419720968897020     
   12.000000000000000       0.53359525517564044     
   12.500000000000000       0.45381599218430907     
   13.000000000000000       0.38867115113387612     
   13.500000000000000       0.33381119373627388     
   14.000000000000000       0.28727309137118556     
   14.500000000000000       0.24757722721753483     
   15.000000000000000       0.21568458314322955     
   15.500000000000000       0.18941070068619009     
   16.000000000000000       0.16670532276837580     
   16.500000000000000       0.14686545563576670     
   17.000000000000000       0.12947341779347307     
   17.500000000000000       0.11409370787524858     
   18.000000000000000       0.10154544177099382     
   18.500000000000000        9.0762261160674373E-002
   19.000000000000000        8.1172862122081565E-002
   19.500000000000000        7.2687559606990360E-002
   20.000000000000000        6.5111102066673532E-002
