  0.50000000000000000        22.812486362008428     
   1.0000000000000000        48.415974050058935     
   1.5000000000000000        62.714405281524527     
   2.0000000000000000        63.303597038520216     
   2.5000000000000000        54.782891966354043     
   3.0000000000000000        42.907650461572132     
   3.5000000000000000        31.694506706230438     
   4.0000000000000000        22.584791351525197     
   4.5000000000000000        15.845011590421926     
   5.0000000000000000        11.126002970774181     
   5.5000000000000000        7.8808277916882910     
   6.0000000000000000        5.6757834907459292     
   6.5000000000000000        4.1521223470600646     
   7.0000000000000000        3.0975436413492381     
   7.5000000000000000        2.3553735122367079     
   8.0000000000000000        1.8138027010387798     
   8.5000000000000000        1.4207482612839444     
   9.0000000000000000        1.1304498901967663     
   9.5000000000000000       0.90614110337339970     
   10.000000000000000       0.73013789459113665     
   10.500000000000000       0.59814997526994340     
   11.000000000000000       0.49354104312790165     
   11.500000000000000       0.40899441163278832     
   12.000000000000000       0.33929461067382499     
   12.500000000000000       0.28497947906170790     
   13.000000000000000       0.24136954936877428     
   13.500000000000000       0.20489664596566173     
   14.000000000000000       0.17415322317341525     
   14.500000000000000       0.14818229244388501     
   15.000000000000000       0.12798900665259397     
   15.500000000000000       0.11152864464794342     
   16.000000000000000        9.7358481896617832E-002
   16.500000000000000        8.4976972670052817E-002
   17.000000000000000        7.4079977379832934E-002
   17.500000000000000        6.4514534662680020E-002
   18.000000000000000        5.6860919762547216E-002
   18.500000000000000        5.0433195443938754E-002
   19.000000000000000        4.4722688599176656E-002
   19.500000000000000        3.9728755233493999E-002
   20.000000000000000        3.5273374315269654E-002
