  0.50000000000000000        14.747722600889722     
   1.0000000000000000        31.460096340454268     
   1.5000000000000000        40.947040506023164     
   2.0000000000000000        41.584567750916968     
   2.5000000000000000        36.273630204180016     
   3.0000000000000000        28.623868150214104     
   3.5000000000000000        21.316165576375411     
   4.0000000000000000        15.298795705014095     
   4.5000000000000000        10.812839776785465     
   5.0000000000000000        7.6431333286414960     
   5.5000000000000000        5.4464928537357817     
   6.0000000000000000        3.9471496731213169     
   6.5000000000000000        2.9031915364917764     
   7.0000000000000000        2.1772023302499139     
   7.5000000000000000        1.6634378997279773     
   8.0000000000000000        1.2865931218669502     
   8.5000000000000000        1.0126746818109826     
   9.0000000000000000       0.80872207648257199     
   9.5000000000000000       0.65077597840940193     
   10.000000000000000       0.52619056999729497     
   10.500000000000000       0.43268734018207283     
   11.000000000000000       0.35805680393591760     
   11.500000000000000       0.29741144049334978     
   12.000000000000000       0.24751864817247923     
   12.500000000000000       0.20839250166434445     
   13.000000000000000       0.17697997171114946     
   13.500000000000000       0.15059620356692222     
   14.000000000000000       0.12827658427383118     
   14.500000000000000       0.10939834249127892     
   15.000000000000000        9.4663007517722164E-002
   15.500000000000000        8.2696246903900122E-002
   16.000000000000000        7.2319805581148949E-002
   16.500000000000000        6.3286733861852795E-002
   17.000000000000000        5.5250115436724659E-002
   17.500000000000000        4.8175253621975701E-002
   18.000000000000000        4.2557608928489900E-002
   18.500000000000000        3.7792745121331767E-002
   19.000000000000000        3.3574206703690483E-002
   19.500000000000000        2.9855795388050943E-002
   20.000000000000000        2.6549572364905911E-002
