  0.50000000000000000        39.828358000810454     
   1.0000000000000000        84.120670596641304     
   1.5000000000000000        107.99158057435902     
   2.0000000000000000        107.82119256224290     
   2.5000000000000000        92.204124358033681     
   3.0000000000000000        71.327356580767571     
   3.5000000000000000        52.057196337295331     
   4.0000000000000000        36.648467377342755     
   4.5000000000000000        25.436306103581302     
   5.0000000000000000        17.671881774501013     
   5.5000000000000000        12.392998970020969     
   6.0000000000000000        8.8486261149274856     
   6.5000000000000000        6.4187110300039825     
   7.0000000000000000        4.7523289109206077     
   7.5000000000000000        3.5876352518180723     
   8.0000000000000000        2.7447302942570717     
   8.5000000000000000        2.1371297147475703     
   9.0000000000000000        1.6904298380351668     
   9.5000000000000000        1.3481420944106008     
   10.000000000000000        1.0803443067495058     
   10.500000000000000       0.88126341680902409     
   11.000000000000000       0.72377832057717650     
   11.500000000000000       0.59695720416417997     
   12.000000000000000       0.49334773779405783     
   12.500000000000000       0.41301367576919179     
   13.000000000000000       0.34843870572279606     
   13.500000000000000       0.29485920871897864     
   14.000000000000000       0.24973561128407454     
   14.500000000000000       0.21181789036258158     
   15.000000000000000       0.18247196164787557     
   15.500000000000000       0.15854173311800684     
   16.000000000000000       0.13805087339445524     
   16.500000000000000       0.12022671903625176     
   17.000000000000000       0.10453331996351152     
   17.500000000000000        9.0793231626567106E-002
   18.000000000000000        7.9890830682908739E-002
   18.500000000000000        7.0670526060469308E-002
   19.000000000000000        6.2565198561170821E-002
   19.500000000000000        5.5435993129762828E-002
   20.000000000000000        4.9105363692513913E-002
