  0.50000000000000000        16.574048882709974     
   1.0000000000000000        37.447947996343622     
   1.5000000000000000        49.747284534203352     
   2.0000000000000000        50.605701751242655     
   2.5000000000000000        43.670824062730269     
   3.0000000000000000        33.923284258342932     
   3.5000000000000000        24.833426821994255     
   4.0000000000000000        17.560083241938926     
   4.5000000000000000        12.269006650875030     
   5.0000000000000000        8.6013521701582132     
   5.5000000000000000        6.0964029854001334     
   6.0000000000000000        4.4038946534385408     
   6.5000000000000000        3.2328057583383121     
   7.0000000000000000        2.4213249829880885     
   7.5000000000000000        1.8478321098561759     
   8.0000000000000000        1.4284698929101467     
   8.5000000000000000        1.1229796677848964     
   9.0000000000000000       0.89615842799465395     
   9.5000000000000000       0.72052881967124105     
   10.000000000000000       0.58151606980528758     
   10.500000000000000       0.47748425684260293     
   11.000000000000000       0.39475842143481926     
   11.500000000000000       0.32735747058450787     
   12.000000000000000       0.27188108947102524     
   12.500000000000000       0.22864513446987067     
   13.000000000000000       0.19383124259541223     
   13.500000000000000       0.16468279844834230     
   14.000000000000000       0.14001569548429854     
   14.500000000000000       0.11919450780979565     
   15.000000000000000       0.10298333914165674     
   15.500000000000000        8.9794359669992413E-002
   16.000000000000000        7.8421142989146125E-002
   16.500000000000000        6.8504487846690443E-002
   17.000000000000000        5.9728328693902565E-002
   17.500000000000000        5.2004743449027606E-002
   18.000000000000000        4.5864523213225858E-002
   18.500000000000000        4.0668224463647214E-002
   19.000000000000000        3.6096929736146421E-002
   19.500000000000000        3.2041661828975693E-002
   20.000000000000000        2.8449414553045189E-002
