  0.50000000000000000        24.681270120630181     
   1.0000000000000000        51.447729621665161     
   1.5000000000000000        66.158425204157354     
   2.0000000000000000        66.522667378058898     
   2.5000000000000000        57.673946019806117     
   3.0000000000000000        45.262589808689036     
   3.5000000000000000        33.534968560609897     
   4.0000000000000000        23.930430629737774     
   4.5000000000000000        16.809496805122659     
   5.0000000000000000        11.801741378051339     
   5.5000000000000000        8.3489400181759219     
   6.0000000000000000        6.0096677262362102     
   6.5000000000000000        4.3909229061166544     
   7.0000000000000000        3.2707052056345431     
   7.5000000000000000        2.4836792947885504     
   8.0000000000000000        1.9109257719588892     
   8.5000000000000000        1.4957582418303810     
   9.0000000000000000        1.1886411699990005     
   9.5000000000000000       0.95257179629996369     
   10.000000000000000       0.76659566565583293     
   10.500000000000000       0.62779144149056432     
   11.000000000000000       0.51777454035370152     
   11.500000000000000       0.42865222518122875     
   12.000000000000000       0.35542786384903957     
   12.500000000000000       0.29858652190027829     
   13.000000000000000       0.25278735962553417     
   13.500000000000000       0.21460155913046114     
   14.000000000000000       0.18227271426259598     
   14.500000000000000       0.15507610966770502     
   15.000000000000000       0.13393797164128726     
   15.500000000000000       0.11673121571056284     
   16.000000000000000       0.10191491442649732     
   16.500000000000000        8.8941054645037598E-002
   17.000000000000000        7.7527238365841702E-002
   17.500000000000000        6.7499299617781824E-002
   18.000000000000000        5.9514458538093826E-002
   18.500000000000000        5.2766768754346542E-002
   19.000000000000000        4.6819094228523990E-002
   19.500000000000000        4.1550363579133005E-002
   20.000000000000000        3.6904345241838665E-002
