  0.50000000000000000        177.20221109291558     
   1.0000000000000000        365.21586013610079     
   1.5000000000000000        463.36987166736770     
   2.0000000000000000        460.83439141840967     
   2.5000000000000000        396.26428093946146     
   3.0000000000000000        309.34341961009665     
   3.5000000000000000        227.73177696036745     
   4.0000000000000000        162.24197744182959     
   4.5000000000000000        113.88425179705870     
   5.0000000000000000        80.319306381646811     
   5.5000000000000000        57.325985859285424     
   6.0000000000000000        41.793208859003791     
   6.5000000000000000        31.124386155267462     
   7.0000000000000000        23.655106770077744     
   7.5000000000000000        18.389928313562429     
   8.0000000000000000        14.537772424988200     
   8.5000000000000000        11.666780229732849     
   9.0000000000000000        9.5244046351555340     
   9.5000000000000000        7.8522789288731163     
   10.000000000000000        6.5077401102316070     
   10.500000000000000        5.4660050118756471     
   11.000000000000000        4.6280993823153400     
   11.500000000000000        3.9364126278639335     
   12.000000000000000        3.3574098367483596     
   12.500000000000000        2.8910337165494475     
   13.000000000000000        2.5101647820998343     
   13.500000000000000        2.1859820867454838     
   14.000000000000000        1.9069636135351482     
   14.500000000000000        1.6638450456898437     
   15.000000000000000        1.4643340211379081     
   15.500000000000000        1.2985538982134222     
   16.000000000000000        1.1539384407694540     
   16.500000000000000        1.0261769129002707     
   17.000000000000000       0.91244777633753960     
   17.500000000000000       0.81156144022027743     
   18.000000000000000       0.72812071315320748     
   18.500000000000000       0.65696305482446837     
   19.000000000000000       0.59343282037073530     
   19.500000000000000       0.53646327870388677     
   20.000000000000000       0.48482813553526943     
