  0.50000000000000000        113.67170112622489     
   1.0000000000000000        235.07962170893339     
   1.5000000000000000        299.98366827253483     
   2.0000000000000000        300.85630578997996     
   2.5000000000000000        260.78880002026744     
   3.0000000000000000        205.44152238031805     
   3.5000000000000000        152.51471476284004     
   4.0000000000000000        109.56077208787499     
   4.5000000000000000        77.488470263630873     
   5.0000000000000000        55.055258686530841     
   5.5000000000000000        39.550252160777795     
   6.0000000000000000        29.012635374711714     
   6.5000000000000000        21.736028330526882     
   7.0000000000000000        16.609943671552585     
   7.5000000000000000        12.975256760938736     
   8.0000000000000000        10.306364176718848     
   8.5000000000000000        8.3092272909664704     
   9.0000000000000000        6.8086401866433084     
   9.5000000000000000        5.6343412888717594     
   10.000000000000000        4.6863087078697170     
   10.500000000000000        3.9496308852490460     
   11.000000000000000        3.3548258972186167     
   11.500000000000000        2.8631414439495138     
   12.000000000000000        2.4481844581031535     
   12.500000000000000        2.1139415155282975     
   13.000000000000000        1.8401548826598839     
   13.500000000000000        1.6065817399116300     
   14.000000000000000        1.4043707618704631     
   14.500000000000000        1.2285511321673075     
   15.000000000000000        1.0835368614009866     
   15.500000000000000       0.96259376035400290     
   16.000000000000000       0.85716479789776412     
   16.500000000000000       0.76347139785980089     
   17.000000000000000       0.68031468145550056     
   17.500000000000000       0.60594315693612488     
   18.000000000000000       0.54465938165510597     
   18.500000000000000       0.49215752738124841     
   19.000000000000000       0.44536739748458637     
   19.500000000000000       0.40311803062862628     
   20.000000000000000       0.36490814310893938     
