  0.50000000000000000        314.49568931147826     
   1.0000000000000000        644.27859010459485     
   1.5000000000000000        807.61349455386721     
   2.0000000000000000        793.74218290561839     
   2.5000000000000000        672.96975435606805     
   3.0000000000000000        517.92709056522722     
   3.5000000000000000        376.09240861662806     
   4.0000000000000000        264.59721507103330     
   4.5000000000000000        183.52407164971032     
   5.0000000000000000        128.02004960531553     
   5.5000000000000000        90.437774118598909     
   6.0000000000000000        65.310607112907604     
   6.5000000000000000        48.224767958410034     
   7.0000000000000000        36.358252305380546     
   7.5000000000000000        28.054151525628242     
   8.0000000000000000        22.026254937842030     
   8.5000000000000000        17.570611255669061     
   9.0000000000000000        14.255882669455179     
   9.5000000000000000        11.688084373665845     
   10.000000000000000        9.6354231160677593     
   10.500000000000000        8.0553584018764788     
   11.000000000000000        6.7904006765389857     
   11.500000000000000        5.7514147563984714     
   12.000000000000000        4.8852943733506011     
   12.500000000000000        4.1901543368596608     
   13.000000000000000        3.6257787990910790     
   13.500000000000000        3.1471434778154586     
   14.000000000000000        2.7356707890194558     
   14.500000000000000        2.3797659560059445     
   15.000000000000000        2.0883139173116110     
   15.500000000000000        1.8467492055629948     
   16.000000000000000        1.6364304690364722     
   16.500000000000000        1.4515043666283010     
   17.000000000000000        1.2876915958805772     
   17.500000000000000        1.1421813356351282     
   18.000000000000000        1.0228551178457916     
   18.500000000000000       0.92077945057422461     
   19.000000000000000       0.82995101509626212     
   19.500000000000000       0.74874873245764584     
   20.000000000000000       0.67537786910366349     
