  0.50000000000000000        101.45882688316523     
   1.0000000000000000        221.53496965503038     
   1.5000000000000000        288.36539157418304     
   2.0000000000000000        289.34672071792130     
   2.5000000000000000        248.83774517414611     
   3.0000000000000000        193.94535576443374     
   3.5000000000000000        142.66185160171386     
   4.0000000000000000        101.90838100640397     
   4.5000000000000000        71.981406236194957     
   5.0000000000000000        51.255753582968644     
   5.5000000000000000        37.004906558875376     
   6.0000000000000000        27.307670404686164     
   6.5000000000000000        20.572227444435846     
   7.0000000000000000        15.808038931293947     
   7.5000000000000000        12.408092136846342     
   8.0000000000000000        9.8857860155743609     
   8.5000000000000000        7.9942562716197605     
   9.0000000000000000        6.5656068114407304     
   9.5000000000000000        5.4387291946988299     
   10.000000000000000        4.5255529306847908     
   10.500000000000000        3.8170903848452520     
   11.000000000000000        3.2437150824687828     
   11.500000000000000        2.7666636456735350     
   12.000000000000000        2.3647937726300143     
   12.500000000000000        2.0412932181511638     
   13.000000000000000        1.7765148989278789     
   13.500000000000000        1.5500812022835633     
   14.000000000000000        1.3539775595393424     
   14.500000000000000        1.1831765252561244     
   15.000000000000000        1.0428567827744026     
   15.500000000000000       0.92622464024750917     
   16.000000000000000       0.82404378978814141     
   16.500000000000000       0.73357312252879980     
   17.000000000000000       0.65297480019118570     
   17.500000000000000       0.58117145166661022     
   18.000000000000000       0.52187871247528739     
   18.500000000000000       0.47143525878278242     
   19.000000000000000       0.42623877843567937     
   19.500000000000000       0.38553696150700756     
   20.000000000000000       0.34867685008866045     
