  0.50000000000000000        201.80738390054134     
   1.0000000000000000        408.50565055610787     
   1.5000000000000000        513.98964258872240     
   2.0000000000000000        510.18657187420581     
   2.5000000000000000        438.46798616916567     
   3.0000000000000000        342.30040180719652     
   3.5000000000000000        251.95680017669537     
   4.0000000000000000        179.25176406635387     
   4.5000000000000000        125.51736385669309     
   5.0000000000000000        88.231020920289581     
   5.5000000000000000        62.743260526882302     
   6.0000000000000000        45.557908622401484     
   6.5000000000000000        33.824596423069060     
   7.0000000000000000        25.618960431275916     
   7.5000000000000000        19.864935244665212     
   8.0000000000000000        15.666755804496189     
   8.5000000000000000        12.552187550044993     
   9.0000000000000000        10.228593456863489     
   9.5000000000000000        8.4203869634722324     
   10.000000000000000        6.9710965146829427     
   10.500000000000000        5.8500922177025103     
   11.000000000000000        4.9491600764122587     
   11.500000000000000        4.2073883238923822     
   12.000000000000000        3.5866898641030533     
   12.500000000000000        3.0860193165437311     
   13.000000000000000        2.6790348866434299     
   13.500000000000000        2.3316904288813007     
   14.000000000000000        2.0332368555011819     
   14.500000000000000        1.7737394697274222     
   15.000000000000000        1.5603497428776518     
   15.500000000000000        1.3829881230605416     
   16.000000000000000        1.2288646603989895     
   16.500000000000000        1.0922526257873990     
   17.000000000000000       0.97121145754983385     
   17.500000000000000       0.86353719333233137     
   18.000000000000000       0.77477942785096154     
   18.500000000000000       0.69892718948026555     
   19.000000000000000       0.63139221146101288     
   19.500000000000000       0.57032502021791909     
   20.000000000000000       0.51562396801584243     
