  0.50000000000000000        23.330092945377249     
   1.0000000000000000        49.565010250988223     
   1.5000000000000000        64.365631222472814     
   2.0000000000000000        65.131604150120793     
   2.5000000000000000        56.612877263118698     
   3.0000000000000000        44.517687534784471     
   3.5000000000000000        33.082056434314893     
   4.0000000000000000        23.726579742542992     
   4.5000000000000000        16.780229617403563     
   5.0000000000000000        11.878724962438671     
   5.5000000000000000        8.4813292323979184     
   6.0000000000000000        6.1631433432719565     
   6.5000000000000000        4.5464950360247425     
   7.0000000000000000        3.4151498832162717     
   7.5000000000000000        2.6122073123713112     
   8.0000000000000000        2.0248468489111597     
   8.5000000000000000        1.5957009139961489     
   9.0000000000000000        1.2767290049895048     
   9.5000000000000000        1.0295775206934401     
   10.000000000000000       0.83412868424958864     
   10.500000000000000       0.68649707279997108     
   11.000000000000000       0.56847872671726785     
   11.500000000000000       0.47273190121860420     
   12.000000000000000       0.39425842996648952     
   12.500000000000000       0.33293280746575804     
   13.000000000000000       0.28339393767975279     
   13.500000000000000       0.24179255156907520     
   14.000000000000000       0.20663589703562038     
   14.500000000000000       0.17677887703135217     
   15.000000000000000       0.15312463726139514     
   15.500000000000000       0.13373230373738504     
   16.000000000000000       0.11692237109584931     
   16.500000000000000       0.10231342303572993     
   17.000000000000000        8.9501111700693581E-002
   17.500000000000000        7.8298427621946859E-002
   18.000000000000000        6.9294112776488365E-002
   18.500000000000000        6.1647059891680046E-002
   19.000000000000000        5.4943947756515663E-002
   19.500000000000000        4.8971659901380922E-002
   20.000000000000000        4.3673325096666188E-002
