  0.50000000000000000        15.075021989916541     
   1.0000000000000000        32.180775223234356     
   1.5000000000000000        42.008601023297381     
   2.0000000000000000        42.767378393371203     
   2.5000000000000000        37.476240048796711     
   3.0000000000000000        29.692585241292274     
   3.5000000000000000        22.240934282428981     
   4.0000000000000000        16.072218691411628     
   4.5000000000000000        11.447578040185123     
   5.0000000000000000        8.1589083134719296     
   5.5000000000000000        5.8644374242150361     
   6.0000000000000000        4.2861289299992507     
   6.5000000000000000        3.1793526414322981     
   7.0000000000000000        2.4009090405745943     
   7.5000000000000000        1.8450139634025571     
   8.0000000000000000        1.4365662691907115     
   8.5000000000000000        1.1370265668268733     
   9.0000000000000000       0.91330870227483962     
   9.5000000000000000       0.73929576421162124     
   10.000000000000000       0.60120438246080832     
   10.500000000000000       0.49639548612671286     
   11.000000000000000       0.41238018425920780     
   11.500000000000000       0.34391272212120699     
   12.000000000000000       0.28781376912412915     
   12.500000000000000       0.24352007086224400     
   13.000000000000000       0.20777426085033407     
   13.500000000000000       0.17776152289806402     
   14.000000000000000       0.15227987448605004     
   14.500000000000000       0.13053997182286473     
   15.000000000000000       0.11332308039161089     
   15.500000000000000        9.9163924941980411E-002
   16.000000000000000        8.6883370074166563E-002
   16.500000000000000        7.6159953928307086E-002
   17.000000000000000        6.6731838088286519E-002
   17.500000000000000        5.8457243149033902E-002
   18.000000000000000        5.1848893951236694E-002
   18.500000000000000        4.6191530203405544E-002
   19.000000000000000        4.1244678191033134E-002
   19.500000000000000        3.6807871061753913E-002
   20.000000000000000        3.2869857334070926E-002
