  0.50000000000000000        40.791092794661729     
   1.0000000000000000        86.169697009295675     
   1.5000000000000000        110.81997400691563     
   2.0000000000000000        110.92667368209304     
   2.5000000000000000        95.273116649602912     
   3.0000000000000000        73.980767770139607     
   3.5000000000000000        54.320513547372286     
   4.0000000000000000        38.509992341288502     
   4.5000000000000000        26.921096359440785     
   5.0000000000000000        18.865615869922934     
   5.5000000000000000        13.344965171875756     
   6.0000000000000000        9.6072737413841036     
   6.5000000000000000        7.0297312607394717     
   7.0000000000000000        5.2391272162364748     
   7.5000000000000000        3.9794087875053625     
   8.0000000000000000        3.0640801488726264     
   8.5000000000000000        2.3995732223922506     
   9.0000000000000000        1.9090884363417586     
   9.5000000000000000        1.5315326697433398     
   10.000000000000000        1.2344031345733040     
   10.500000000000000        1.0109702763584270     
   11.000000000000000       0.83342054877060046     
   11.500000000000000       0.69037230845476760     
   12.000000000000000       0.57366130130004134     
   12.500000000000000       0.48250094262920207     
   13.000000000000000       0.40912598478948320     
   13.500000000000000       0.34785985867688063     
   14.000000000000000       0.29639781487836919     
   14.500000000000000       0.25280762904299092     
   15.000000000000000       0.21833682863547157     
   15.500000000000000       0.19011253815295884     
   16.000000000000000       0.16582344103805671     
   16.500000000000000       0.14467924030908821     
   17.000000000000000       0.12630035083568669     
   17.500000000000000       0.11016798182989743     
   18.000000000000000        9.7286771390009200E-002
   18.500000000000000        8.6395921700551423E-002
   19.000000000000000        7.6832591376351400E-002
   19.500000000000000        6.8364820246941765E-002
   20.000000000000000        6.0847208924750394E-002
