  0.50000000000000000        17.003146716324220     
   1.0000000000000000        38.341377073983445     
   1.5000000000000000        51.061270674501650     
   2.0000000000000000        52.082978499734722     
   2.5000000000000000        45.118362475936600     
   3.0000000000000000        35.201810006506484     
   3.5000000000000000        25.920624508703803     
   4.0000000000000000        18.451347433643345     
   4.5000000000000000        12.992048676611807     
   5.0000000000000000        9.1868903593401363     
   5.5000000000000000        6.5664290290492460     
   6.0000000000000000        4.7839199659594351     
   6.5000000000000000        3.5412497400305494     
   7.0000000000000000        2.6700279253684691     
   7.5000000000000000        2.0500293236950049     
   8.0000000000000000        1.5946384519710013     
   8.5000000000000000        1.2606976888063726     
   9.0000000000000000        1.0116671575090230     
   9.5000000000000000       0.81794208334774898     
   10.000000000000000       0.66409945317777574     
   10.500000000000000       0.54758905804166946     
   11.000000000000000       0.45413053129738667     
   11.500000000000000       0.37828071191895241     
   12.000000000000000       0.31584474035563675     
   12.500000000000000       0.26700458718012710     
   13.000000000000000       0.22746325967949746     
   13.500000000000000       0.19424708527360884     
   14.000000000000000       0.16611281432369696     
   14.500000000000000       0.14217264806210952     
   15.000000000000000       0.12321013657107295     
   15.500000000000000       0.10761154933362163     
   16.000000000000000        9.4156458022108119E-002
   16.500000000000000        8.2411165497588618E-002
   17.000000000000000        7.2072975337741027E-002
   17.500000000000000        6.3056854677960794E-002
   18.000000000000000        5.5843577253265088E-002
   18.500000000000000        4.9704277983638585E-002
   19.000000000000000        4.4294336666545191E-002
   19.500000000000000        3.9479437491124370E-002
   20.000000000000000        3.5228280073713751E-002
