  0.50000000000000000        25.251034073386442     
   1.0000000000000000        52.732738272478834     
   1.5000000000000000        67.816154063055507     
   2.0000000000000000        68.469502779241523     
   2.5000000000000000        59.569648514896798     
   3.0000000000000000        46.969453285150927     
   3.5000000000000000        34.979777396147114     
   4.0000000000000000        25.135104851977044     
   4.5000000000000000        17.792745067597778     
   5.0000000000000000        12.596785670649611     
   5.5000000000000000        8.9882946017706598     
   6.0000000000000000        6.5219704156391511     
   6.5000000000000000        4.8081811887670032     
   7.0000000000000000        3.6063833043021378     
   7.5000000000000000        2.7548323530317531     
   8.0000000000000000        2.1336209440602061     
   8.5000000000000000        1.6796064140062772     
   9.0000000000000000        1.3423603597072380     
   9.5000000000000000        1.0817707913997185     
   10.000000000000000       0.87587612848882301     
   10.500000000000000       0.72047260001811231     
   11.000000000000000       0.59634547229161772     
   11.500000000000000       0.49584717119178384     
   12.000000000000000       0.41336716187259620     
   12.500000000000000       0.34892932913573094     
   13.000000000000000       0.29682780232796879     
   13.500000000000000       0.25321496654890613     
   14.000000000000000       0.21641277923721086     
   14.500000000000000       0.18512182655639231     
   15.000000000000000       0.16028991794678343     
   15.500000000000000       0.13996810467886536     
   16.000000000000000       0.12239836888522683     
   16.500000000000000       0.10707728950923846     
   17.000000000000000        9.3633818092236851E-002
   17.500000000000000        8.1970778529622312E-002
   18.000000000000000        7.2520197670158798E-002
   18.500000000000000        6.4551499679700641E-002
   19.000000000000000        5.7489157249052361E-002
   19.500000000000000        5.1252365987196048E-002
   20.000000000000000        4.5692880008664942E-002
